addr	neighbor_num	neighbor0	neighbor1	neighbor2	neighbor3	neighbor4	neighbor5	neighbor6	neighbor7	neighbor8	neighbor9	neighbor10	neighbor11	neighbor12	neighbor13	reced0	reced1	reced2	reced3	reced4	reced5	reced6	reced7	reced8	reced9	reced10	reced11	reced12	reced13	insert_time	motelabMoteID	milli_time	motelabSeqNo
3	10	4	8	10	11	12	13	16	17	21	80	0	0	0	0	10	7	10	7	10	3	6	5	5	7	0	0	0	0	2018-07-23 09:05:15	40003	1532307915697	1
21	9	3	4	10	12	13	17	20	37	80	0	0	0	0	0	9	10	10	10	10	10	9	9	4	0	0	0	0	0	2018-07-23 09:05:15	40021	1532307915842	2
9	5	8	13	39	64	67	0	0	0	0	0	0	0	0	0	10	10	10	9	10	0	0	0	0	0	0	0	0	0	2018-07-23 09:05:15	40009	1532307915930	3
13	11	3	4	8	9	11	16	21	26	33	37	67	0	0	0	8	6	4	9	5	1	3	6	4	10	1	0	0	0	2018-07-23 09:05:16	40013	1532307916013	4
4	12	3	10	11	12	13	16	17	20	21	37	70	80	0	0	10	10	9	10	7	10	8	9	10	9	8	8	0	0	2018-07-23 09:05:16	40004	1532307916054	5
10	8	3	4	12	17	20	21	70	80	0	0	0	0	0	0	9	10	8	10	2	7	6	10	0	0	0	0	0	0	2018-07-23 09:05:16	40010	1532307916096	6
16	5	3	4	11	13	20	0	0	0	0	0	0	0	0	0	4	10	10	1	10	0	0	0	0	0	0	0	0	0	2018-07-23 09:05:16	40016	1532307916134	7
12	7	3	4	10	17	20	21	80	0	0	0	0	0	0	0	10	10	10	10	6	9	10	0	0	0	0	0	0	0	2018-07-23 09:05:16	40012	1532307916164	8
20	7	3	4	10	11	12	16	21	0	0	0	0	0	0	0	5	10	10	10	10	10	10	0	0	0	0	0	0	0	2018-07-23 09:05:16	40020	1532307916197	9
11	5	3	4	13	16	20	0	0	0	0	0	0	0	0	0	9	7	7	10	9	0	0	0	0	0	0	0	0	0	2018-07-23 09:05:16	40011	1532307916231	10
8	5	3	9	13	64	67	0	0	0	0	0	0	0	0	0	10	9	10	10	10	0	0	0	0	0	0	0	0	0	2018-07-23 09:05:16	40008	1532307916264	11
17	6	3	4	10	12	21	80	0	0	0	0	0	0	0	0	10	10	10	10	10	10	0	0	0	0	0	0	0	0	2018-07-23 09:05:16	40017	1532307916322	12
24	9	32	33	37	38	40	41	44	52	56	0	0	0	0	0	10	9	3	1	6	9	9	8	8	0	0	0	0	0	2018-07-23 09:05:16	40024	1532307916994	13
40	11	38	41	43	44	47	48	50	52	53	63	77	0	0	0	7	10	10	9	10	10	8	10	6	9	8	0	0	0	2018-07-23 09:05:17	40040	1532307917450	14
26	5	13	37	38	39	56	0	0	0	0	0	0	0	0	0	9	8	7	8	1	0	0	0	0	0	0	0	0	0	2018-07-23 09:05:17	40026	1532307917540	15
37	7	3	4	13	26	38	39	56	0	0	0	0	0	0	0	2	6	10	7	8	7	8	0	0	0	0	0	0	0	2018-07-23 09:05:17	40037	1532307917598	16
33	5	13	32	38	52	56	0	0	0	0	0	0	0	0	0	6	9	1	8	8	0	0	0	0	0	0	0	0	0	2018-07-23 09:05:17	40033	1532307917631	17
38	9	13	26	33	37	39	40	44	50	56	0	0	0	0	0	5	8	1	10	10	9	10	10	6	0	0	0	0	0	2018-07-23 09:05:17	40038	1532307917664	18
32	4	33	41	52	56	0	0	0	0	0	0	0	0	0	0	10	9	8	2	0	0	0	0	0	0	0	0	0	0	2018-07-23 09:05:17	40032	1532307917698	19
39	6	9	13	26	37	38	50	0	0	0	0	0	0	0	0	6	5	10	9	10	7	0	0	0	0	0	0	0	0	2018-07-23 09:05:17	40039	1532307917731	20
48	6	40	41	43	47	50	52	0	0	0	0	0	0	0	0	10	9	10	10	2	10	0	0	0	0	0	0	0	0	2018-07-23 09:05:17	40048	1532307917790	21
44	10	38	40	41	43	47	48	50	52	53	77	0	0	0	0	10	10	10	10	9	1	10	5	5	9	0	0	0	0	2018-07-23 09:05:17	40044	1532307917918	22
63	9	40	41	43	50	52	64	66	70	77	0	0	0	0	0	10	4	6	9	2	10	10	10	4	0	0	0	0	0	2018-07-23 09:05:17	40063	1532307917994	23
67	3	8	9	64	0	0	0	0	0	0	0	0	0	0	0	10	8	10	0	0	0	0	0	0	0	0	0	0	0	2018-07-23 09:05:18	40067	1532307918045	24
75	2	69	71	0	0	0	0	0	0	0	0	0	0	0	0	9	10	0	0	0	0	0	0	0	0	0	0	0	0	2018-07-23 09:05:18	40075	1532307918096	25
66	3	63	64	77	0	0	0	0	0	0	0	0	0	0	0	10	9	7	0	0	0	0	0	0	0	0	0	0	0	2018-07-23 09:05:18	40066	1532307918132	26
80	9	3	4	10	12	17	21	70	72	78	0	0	0	0	0	10	10	10	10	10	3	8	5	5	0	0	0	0	0	2018-07-23 09:05:18	40080	1532307918165	27
64	5	8	63	66	67	70	0	0	0	0	0	0	0	0	0	4	10	4	10	4	0	0	0	0	0	0	0	0	0	2018-07-23 09:05:18	40064	1532307918198	28
77	8	40	41	43	50	52	53	63	66	0	0	0	0	0	0	10	1	10	10	7	6	3	10	0	0	0	0	0	0	2018-07-23 09:05:18	40077	1532307918232	29
47	8	40	41	43	44	48	50	52	56	0	0	0	0	0	0	10	10	10	4	10	4	10	8	0	0	0	0	0	0	2018-07-23 09:05:18	40047	1532307918265	30
52	11	32	33	40	41	43	47	48	50	56	63	77	0	0	0	10	10	10	10	9	10	9	8	8	9	7	0	0	0	2018-07-23 09:05:18	40052	1532307918298	31
43	11	40	41	44	47	48	50	52	53	63	64	77	0	0	0	10	10	10	9	10	10	9	4	9	5	10	0	0	0	2018-07-23 09:05:18	40043	1532307918332	32
50	12	38	39	40	41	43	44	47	52	53	63	64	77	0	0	5	5	9	10	10	6	7	10	10	9	3	10	0	0	2018-07-23 09:05:18	40050	1532307918365	33
70	10	4	10	50	63	64	69	71	72	78	80	0	0	0	0	4	8	1	8	8	3	4	10	6	6	0	0	0	0	2018-07-23 09:05:18	40070	1532307918399	34
78	2	70	72	0	0	0	0	0	0	0	0	0	0	0	0	8	10	0	0	0	0	0	0	0	0	0	0	0	0	2018-07-23 09:05:18	40078	1532307918432	35
41	12	32	40	43	44	47	48	50	52	53	56	63	77	0	0	10	10	10	10	10	9	10	10	5	8	9	6	0	0	2018-07-23 09:05:18	40041	1532307918465	36
53	5	40	41	43	50	77	0	0	0	0	0	0	0	0	0	8	3	7	10	7	0	0	0	0	0	0	0	0	0	2018-07-23 09:05:18	40053	1532307918499	37
72	4	63	70	78	80	0	0	0	0	0	0	0	0	0	0	5	10	10	4	0	0	0	0	0	0	0	0	0	0	2018-07-23 09:05:18	40072	1532307918532	38
69	3	70	71	75	0	0	0	0	0	0	0	0	0	0	0	8	10	10	0	0	0	0	0	0	0	0	0	0	0	2018-07-23 09:05:18	40069	1532307918565	39
56	7	32	33	37	38	41	47	52	0	0	0	0	0	0	0	5	6	9	2	6	4	6	0	0	0	0	0	0	0	2018-07-23 09:05:18	40056	1532307918599	40
71	3	69	70	75	0	0	0	0	0	0	0	0	0	0	0	9	7	10	0	0	0	0	0	0	0	0	0	0	0	2018-07-23 09:05:18	40071	1532307918632	41
