addr	neighbor_num	neighbor0	neighbor1	neighbor2	neighbor3	neighbor4	neighbor5	neighbor6	neighbor7	neighbor8	neighbor9	neighbor10	neighbor11	neighbor12	neighbor13	reced0	reced1	reced2	reced3	reced4	reced5	reced6	reced7	reced8	reced9	reced10	reced11	reced12	reced13	insert_time	motelabMoteID	milli_time	motelabSeqNo
4	12	3	10	11	12	13	16	17	20	21	37	70	80	0	0	10	10	8	10	9	10	9	10	10	10	7	8	0	0	2018-07-19 10:36:15	40004	1531967775800	1
13	11	4	9	10	11	16	21	26	33	37	38	67	0	0	0	6	7	1	7	4	5	8	9	10	2	2	0	0	0	2018-07-19 10:36:15	40013	1531967775878	2
20	7	3	4	10	11	12	16	21	0	0	0	0	0	0	0	10	10	6	10	9	10	10	0	0	0	0	0	0	0	2018-07-19 10:36:15	40020	1531967775911	3
12	8	3	4	10	17	20	21	70	80	0	0	0	0	0	0	10	10	10	10	5	7	7	10	0	0	0	0	0	0	2018-07-19 10:36:15	40012	1531967775978	4
3	10	4	8	10	11	12	16	17	20	21	80	0	0	0	0	6	6	10	8	9	5	9	2	5	5	0	0	0	0	2018-07-19 10:36:16	40003	1531967776011	5
17	6	3	4	10	12	21	80	0	0	0	0	0	0	0	0	8	8	10	10	10	10	0	0	0	0	0	0	0	0	2018-07-19 10:36:16	40017	1531967776045	6
16	6	3	4	11	13	20	21	0	0	0	0	0	0	0	0	8	10	10	7	10	8	0	0	0	0	0	0	0	0	2018-07-19 10:36:16	40016	1531967776078	7
9	5	8	13	39	64	67	0	0	0	0	0	0	0	0	0	10	10	10	1	10	0	0	0	0	0	0	0	0	0	2018-07-19 10:36:16	40009	1531967776111	8
11	5	3	4	13	16	20	0	0	0	0	0	0	0	0	0	9	6	8	10	10	0	0	0	0	0	0	0	0	0	2018-07-19 10:36:16	40011	1531967776145	9
10	8	3	4	12	13	17	21	70	80	0	0	0	0	0	0	8	8	10	4	10	7	10	10	0	0	0	0	0	0	2018-07-19 10:36:16	40010	1531967776266	10
21	10	3	4	10	12	13	16	17	20	37	80	0	0	0	0	8	10	7	9	9	6	10	10	9	2	0	0	0	0	2018-07-19 10:36:16	40021	1531967776295	11
8	4	3	9	64	67	0	0	0	0	0	0	0	0	0	0	10	10	10	10	0	0	0	0	0	0	0	0	0	0	2018-07-19 10:36:16	40008	1531967776347	12
41	13	32	38	40	43	44	47	48	50	52	53	56	63	77	0	3	4	10	10	10	10	7	10	10	1	7	9	10	0	2018-07-19 10:36:17	40041	1531967777217	13
43	12	38	40	41	44	47	48	50	52	53	63	64	77	0	0	1	10	10	10	10	10	10	10	9	10	1	10	0	0	2018-07-19 10:36:17	40043	1531967777262	14
64	7	8	43	50	63	66	67	70	0	0	0	0	0	0	0	7	5	2	10	8	10	7	0	0	0	0	0	0	0	2018-07-19 10:36:17	40064	1531967777602	15
32	2	33	41	0	0	0	0	0	0	0	0	0	0	0	0	7	8	0	0	0	0	0	0	0	0	0	0	0	0	2018-07-19 10:36:17	40032	1531967777657	16
66	4	63	64	70	77	0	0	0	0	0	0	0	0	0	0	10	10	8	10	0	0	0	0	0	0	0	0	0	0	2018-07-19 10:36:17	40066	1531967777687	17
33	6	13	32	37	38	52	56	0	0	0	0	0	0	0	0	6	10	7	7	8	9	0	0	0	0	0	0	0	0	2018-07-19 10:36:17	40033	1531967777720	18
39	6	8	9	26	37	38	50	0	0	0	0	0	0	0	0	4	10	10	10	10	10	0	0	0	0	0	0	0	0	2018-07-19 10:36:17	40039	1531967777756	19
37	8	4	13	21	26	33	38	39	56	0	0	0	0	0	0	6	10	3	9	9	8	4	9	0	0	0	0	0	0	2018-07-19 10:36:17	40037	1531967777859	20
38	10	13	26	33	37	39	40	41	43	44	50	0	0	0	0	2	10	10	10	10	9	7	4	10	8	0	0	0	0	2018-07-19 10:36:17	40038	1531967777897	21
24	9	32	33	37	38	40	41	44	52	56	0	0	0	0	0	8	6	1	2	10	9	5	9	10	0	0	0	0	0	2018-07-19 10:36:17	40024	1531967777929	22
40	12	38	41	43	44	47	48	50	52	53	56	63	77	0	0	9	10	10	10	10	10	10	10	8	3	10	10	0	0	2018-07-19 10:36:17	40040	1531967777966	23
26	4	13	37	38	39	0	0	0	0	0	0	0	0	0	0	10	10	8	10	0	0	0	0	0	0	0	0	0	0	2018-07-19 10:36:17	40026	1531967777997	24
63	11	40	41	43	50	52	64	66	67	70	72	77	0	0	0	9	8	10	10	6	10	10	5	10	4	7	0	0	0	2018-07-19 10:36:18	40063	1531967778029	25
52	10	33	40	41	43	44	47	48	50	63	77	0	0	0	0	5	10	10	9	5	10	10	10	9	10	0	0	0	0	2018-07-19 10:36:18	40052	1531967778062	26
50	12	38	39	40	41	43	44	47	52	53	63	64	77	0	0	9	8	9	10	10	9	10	10	10	10	3	10	0	0	2018-07-19 10:36:18	40050	1531967778096	27
72	4	63	70	78	80	0	0	0	0	0	0	0	0	0	0	9	10	10	8	0	0	0	0	0	0	0	0	0	0	2018-07-19 10:36:18	40072	1531967778406	28
75	2	69	71	0	0	0	0	0	0	0	0	0	0	0	0	10	9	0	0	0	0	0	0	0	0	0	0	0	0	2018-07-19 10:36:18	40075	1531967778438	29
80	8	3	4	10	12	17	70	72	78	0	0	0	0	0	0	10	8	10	10	10	10	5	3	0	0	0	0	0	0	2018-07-19 10:36:18	40080	1531967778471	30
69	3	70	71	75	0	0	0	0	0	0	0	0	0	0	0	10	9	10	0	0	0	0	0	0	0	0	0	0	0	2018-07-19 10:36:18	40069	1531967778504	31
48	5	40	41	43	47	52	0	0	0	0	0	0	0	0	0	9	10	10	10	10	0	0	0	0	0	0	0	0	0	2018-07-19 10:36:18	40048	1531967778538	32
71	3	69	70	75	0	0	0	0	0	0	0	0	0	0	0	10	7	10	0	0	0	0	0	0	0	0	0	0	0	2018-07-19 10:36:18	40071	1531967778571	33
77	7	40	43	50	52	53	63	66	0	0	0	0	0	0	0	10	10	10	5	10	10	10	0	0	0	0	0	0	0	2018-07-19 10:36:18	40077	1531967778604	34
44	10	38	40	41	43	47	48	50	52	53	77	0	0	0	0	10	10	10	10	10	3	10	10	8	10	0	0	0	0	2018-07-19 10:36:18	40044	1531967778638	35
47	7	40	41	43	48	50	52	56	0	0	0	0	0	0	0	10	10	9	10	10	10	1	0	0	0	0	0	0	0	2018-07-19 10:36:18	40047	1531967778671	36
78	2	70	72	0	0	0	0	0	0	0	0	0	0	0	0	10	10	0	0	0	0	0	0	0	0	0	0	0	0	2018-07-19 10:36:18	40078	1531967778705	37
67	4	8	9	63	64	0	0	0	0	0	0	0	0	0	0	10	8	7	10	0	0	0	0	0	0	0	0	0	0	2018-07-19 10:36:18	40067	1531967778738	38
70	10	4	10	63	64	66	69	71	72	78	80	0	0	0	0	2	10	8	9	5	3	1	10	6	9	0	0	0	0	2018-07-19 10:36:18	40070	1531967778771	39
53	6	40	41	43	44	50	77	0	0	0	0	0	0	0	0	6	4	8	6	10	8	0	0	0	0	0	0	0	0	2018-07-19 10:36:18	40053	1531967778805	40
56	6	32	33	37	40	41	47	0	0	0	0	0	0	0	0	1	5	10	3	7	5	0	0	0	0	0	0	0	0	2018-07-19 10:36:18	40056	1531967778838	41
