nodeid	clock_time_h	clock_time_l	dc_time_h	dc_time_l	insert_time	motelabMoteID	milli_time	motelabSeqNo
19	0	61459	0	4217	2017-03-30 16:35:43	40019	1490862943596	1
3	0	61459	0	4000	2017-03-30 16:35:43	40003	1490862943672	2
1	0	61461	0	4010	2017-03-30 16:35:43	40001	1490862943738	3
17	0	61459	0	1299	2017-03-30 16:35:43	40017	1490862943804	4
11	0	61461	0	935	2017-03-30 16:35:43	40011	1490862943938	5
20	0	61459	0	3884	2017-03-30 16:35:43	40020	1490862943971	6
22	0	61459	0	3672	2017-03-30 16:35:44	40022	1490862944005	7
6	0	61459	0	3598	2017-03-30 16:35:44	40006	1490862944071	8
21	0	61459	0	2888	2017-03-30 16:35:44	40021	1490862944105	9
12	0	61459	0	3746	2017-03-30 16:35:44	40012	1490862944172	10
7	0	61459	0	3205	2017-03-30 16:35:44	40007	1490862944205	11
4	0	61460	0	667	2017-03-30 16:35:44	40004	1490862944288	12
15	0	61459	0	3996	2017-03-30 16:35:44	40015	1490862944322	13
8	0	61459	0	3833	2017-03-30 16:35:44	40008	1490862944355	14
14	0	61459	0	2925	2017-03-30 16:35:44	40014	1490862944394	15
10	0	61459	0	2650	2017-03-30 16:35:44	40010	1490862944506	16
18	0	61459	0	3293	2017-03-30 16:35:44	40018	1490862944539	17
13	0	61459	0	3163	2017-03-30 16:35:44	40013	1490862944672	18
2	0	61459	0	3534	2017-03-30 16:35:44	40002	1490862944773	19
41	0	61459	0	4598	2017-03-30 16:35:45	40041	1490862945415	20
28	0	61459	0	3508	2017-03-30 16:35:45	40028	1490862945449	21
27	0	61459	0	918	2017-03-30 16:35:45	40027	1490862945482	22
26	0	61459	0	3586	2017-03-30 16:35:45	40026	1490862945566	23
34	0	61459	0	2832	2017-03-30 16:35:45	40034	1490862945632	24
43	0	61459	0	3765	2017-03-30 16:35:45	40043	1490862945699	25
35	0	61459	0	3119	2017-03-30 16:35:45	40035	1490862945749	26
39	0	61459	0	3576	2017-03-30 16:35:45	40039	1490862945883	27
24	0	61459	0	2915	2017-03-30 16:35:45	40024	1490862945916	28
36	0	61459	0	3171	2017-03-30 16:35:45	40036	1490862945983	29
38	0	61459	0	3887	2017-03-30 16:35:46	40038	1490862946050	30
30	0	61462	0	787	2017-03-30 16:35:46	40030	1490862946083	31
47	0	61459	0	2910	2017-03-30 16:35:46	40047	1490862946150	32
55	0	61459	0	3838	2017-03-30 16:35:46	40055	1490862946217	33
116	0	61459	0	1226	2017-03-30 16:35:46	40116	1490862946351	34
31	0	61459	0	3439	2017-03-30 16:35:46	40031	1490862946418	35
135	0	61459	0	1983	2017-03-30 16:35:46	40135	1490862946452	36
137	0	61459	0	874	2017-03-30 16:35:46	40137	1490862946585	37
37	0	61459	0	3321	2017-03-30 16:35:46	40037	1490862946618	38
33	0	61460	0	2981	2017-03-30 16:35:46	40033	1490862946685	39
85	0	61459	0	1051	2017-03-30 16:35:46	40085	1490862946719	40
52	0	61460	0	3874	2017-03-30 16:35:46	40052	1490862946794	41
72	0	61459	0	4196	2017-03-30 16:35:46	40072	1490862946827	42
76	0	61459	0	3622	2017-03-30 16:35:46	40076	1490862946861	43
122	0	61459	0	939	2017-03-30 16:35:46	40122	1490862946927	44
118	0	61459	0	2277	2017-03-30 16:35:47	40118	1490862947036	45
50	0	61459	0	2451	2017-03-30 16:35:47	40050	1490862947069	46
25	0	61461	0	1231	2017-03-30 16:35:47	40025	1490862947103	47
63	0	61459	0	2897	2017-03-30 16:35:47	40063	1490862947161	48
133	0	61459	0	950	2017-03-30 16:35:47	40133	1490862947203	49
119	0	61459	0	996	2017-03-30 16:35:47	40119	1490862947245	50
42	0	61459	0	3626	2017-03-30 16:35:47	40042	1490862947286	51
115	0	61459	0	2171	2017-03-30 16:35:47	40115	1490862947328	52
126	0	61459	0	1952	2017-03-30 16:35:47	40126	1490862947370	53
81	0	61459	0	2533	2017-03-30 16:35:47	40081	1490862947411	54
51	0	61462	0	4277	2017-03-30 16:35:47	40051	1490862947453	55
83	0	61459	0	720	2017-03-30 16:35:47	40083	1490862947495	56
67	0	61459	0	4551	2017-03-30 16:35:47	40067	1490862947537	57
121	0	61459	0	1977	2017-03-30 16:35:47	40121	1490862947579	58
66	0	61459	0	702	2017-03-30 16:35:47	40066	1490862947620	59
69	0	61459	0	1442	2017-03-30 16:35:47	40069	1490862947662	60
40	0	61459	0	3930	2017-03-30 16:35:47	40040	1490862947704	61
131	0	61459	0	1913	2017-03-30 16:35:47	40131	1490862947745	62
59	0	61459	0	3465	2017-03-30 16:35:47	40059	1490862947829	63
138	0	61459	0	1791	2017-03-30 16:35:47	40138	1490862947912	64
32	0	61459	0	3831	2017-03-30 16:35:47	40032	1490862947954	65
79	0	61459	0	3850	2017-03-30 16:35:47	40079	1490862947996	66
136	0	61460	0	2188	2017-03-30 16:35:48	40136	1490862948029	67
130	0	61459	0	915	2017-03-30 16:35:48	40130	1490862948079	68
48	0	61461	0	4798	2017-03-30 16:35:48	40048	1490862948113	69
73	0	61459	0	2713	2017-03-30 16:35:48	40073	1490862948146	70
46	0	61460	0	3807	2017-03-30 16:35:48	40046	1490862948179	71
129	0	61459	0	1005	2017-03-30 16:35:48	40129	1490862948213	72
68	0	61459	0	2740	2017-03-30 16:35:48	40068	1490862948246	73
75	0	61459	0	757	2017-03-30 16:35:48	40075	1490862948321	74
64	0	61459	0	4343	2017-03-30 16:35:48	40064	1490862948356	75
128	0	61459	0	793	2017-03-30 16:35:48	40128	1490862948388	76
77	0	61459	0	702	2017-03-30 16:35:48	40077	1490862948421	77
74	0	61459	0	1188	2017-03-30 16:35:48	40074	1490862948455	78
124	0	61459	0	2321	2017-03-30 16:35:48	40124	1490862948488	79
134	0	61459	0	973	2017-03-30 16:35:48	40134	1490862948521	80
70	0	61459	0	771	2017-03-30 16:35:48	40070	1490862948555	81
120	0	61459	0	2192	2017-03-30 16:35:48	40120	1490862948622	82
132	0	61459	0	2227	2017-03-30 16:35:48	40132	1490862948738	83
123	0	61459	0	1837	2017-03-30 16:35:48	40123	1490862948772	84
57	0	61459	0	1042	2017-03-30 16:35:48	40057	1490862948805	85
44	0	61460	0	919	2017-03-30 16:35:48	40044	1490862948839	86
127	0	61459	0	2182	2017-03-30 16:35:48	40127	1490862948872	87
84	0	61459	0	1019	2017-03-30 16:35:48	40084	1490862948905	88
65	0	61459	0	2589	2017-03-30 16:35:48	40065	1490862948939	89
139	0	61459	0	2002	2017-03-30 16:35:48	40139	1490862948972	90
117	0	61459	0	963	2017-03-30 16:35:49	40117	1490862949005	91
71	0	61462	0	2750	2017-03-30 16:35:49	40071	1490862949039	92
78	0	61459	0	3010	2017-03-30 16:35:49	40078	1490862949072	93
80	0	61459	0	3544	2017-03-30 16:35:49	40080	1490862949106	94
19	1	57363	0	11525	2017-03-30 16:36:43	40019	1490863003597	95
3	1	57363	0	6377	2017-03-30 16:36:43	40003	1490863003679	96
17	1	57363	0	1299	2017-03-30 16:36:43	40017	1490863003745	97
1	1	57365	0	10358	2017-03-30 16:36:43	40001	1490863003779	98
12	1	57363	0	6003	2017-03-30 16:36:43	40012	1490863003812	99
21	1	57363	0	4908	2017-03-30 16:36:43	40021	1490863003854	100
2	1	57363	0	10649	2017-03-30 16:36:43	40002	1490863003887	101
4	1	57364	0	667	2017-03-30 16:36:43	40004	1490863003921	102
13	1	57364	0	3192	2017-03-30 16:36:43	40013	1490863003954	103
20	1	57363	0	11269	2017-03-30 16:36:43	40020	1490863003988	104
11	1	57363	0	935	2017-03-30 16:36:44	40011	1490863004021	105
6	1	57363	0	10531	2017-03-30 16:36:44	40006	1490863004071	106
14	1	57364	0	5961	2017-03-30 16:36:44	40014	1490863004105	107
8	1	57364	0	6332	2017-03-30 16:36:44	40008	1490863004138	108
18	1	57363	0	11358	2017-03-30 16:36:44	40018	1490863004171	109
7	1	57363	0	12468	2017-03-30 16:36:44	40007	1490863004205	110
10	1	57363	0	9093	2017-03-30 16:36:44	40010	1490863004272	111
15	1	57363	0	11164	2017-03-30 16:36:44	40015	1490863004305	112
22	1	57363	0	10311	2017-03-30 16:36:44	40022	1490863004338	113
41	1	57363	0	12621	2017-03-30 16:36:45	40041	1490863005293	114
28	1	57363	0	8570	2017-03-30 16:36:45	40028	1490863005424	115
27	1	57363	0	918	2017-03-30 16:36:45	40027	1490863005476	116
26	1	57363	0	9480	2017-03-30 16:36:45	40026	1490863005516	117
38	1	57363	0	10251	2017-03-30 16:36:45	40038	1490863005547	118
30	1	57363	0	787	2017-03-30 16:36:45	40030	1490863005604	119
24	1	57363	0	7583	2017-03-30 16:36:45	40024	1490863005639	120
25	1	57363	0	1231	2017-03-30 16:36:45	40025	1490863005672	121
37	1	57363	0	9335	2017-03-30 16:36:45	40037	1490863005705	122
35	1	57363	0	3119	2017-03-30 16:36:45	40035	1490863005739	123
31	1	57363	0	3467	2017-03-30 16:36:45	40031	1490863005772	124
36	1	57363	0	11161	2017-03-30 16:36:45	40036	1490863005806	125
33	1	57363	0	9248	2017-03-30 16:36:45	40033	1490863005839	126
32	1	57363	0	11584	2017-03-30 16:36:45	40032	1490863005872	127
39	1	57363	0	10469	2017-03-30 16:36:45	40039	1490863005906	128
43	1	57363	0	3836	2017-03-30 16:36:45	40043	1490863005939	129
47	1	57363	0	7346	2017-03-30 16:36:45	40047	1490863005972	130
34	1	57363	0	7967	2017-03-30 16:36:46	40034	1490863006006	131
55	1	57363	0	12129	2017-03-30 16:36:46	40055	1490863006184	132
116	1	57363	0	2681	2017-03-30 16:36:46	40116	1490863006323	133
79	1	57363	0	9205	2017-03-30 16:36:46	40079	1490863006393	134
135	1	57363	0	4000	2017-03-30 16:36:46	40135	1490863006440	135
115	1	57363	0	4317	2017-03-30 16:36:46	40115	1490863006473	136
137	1	57363	0	1973	2017-03-30 16:36:46	40137	1490863006506	137
127	1	57363	0	4483	2017-03-30 16:36:46	40127	1490863006540	138
85	1	57363	0	5774	2017-03-30 16:36:46	40085	1490863006651	139
71	1	57363	0	7206	2017-03-30 16:36:46	40071	1490863006698	140
67	1	57363	0	4973	2017-03-30 16:36:46	40067	1490863006757	141
76	1	57363	0	3737	2017-03-30 16:36:46	40076	1490863006790	142
50	1	57363	0	6592	2017-03-30 16:36:46	40050	1490863006823	143
72	1	57363	0	8539	2017-03-30 16:36:46	40072	1490863006857	144
122	1	57363	0	1808	2017-03-30 16:36:46	40122	1490863006890	145
139	1	57363	0	3999	2017-03-30 16:36:46	40139	1490863006924	146
119	1	57363	0	2216	2017-03-30 16:36:46	40119	1490863006957	147
134	1	57363	0	1804	2017-03-30 16:36:46	40134	1490863006990	148
132	1	57363	0	4474	2017-03-30 16:36:47	40132	1490863007024	149
74	1	57363	0	2446	2017-03-30 16:36:47	40074	1490863007057	150
118	1	57363	0	4565	2017-03-30 16:36:47	40118	1490863007090	151
63	1	57363	0	5927	2017-03-30 16:36:47	40063	1490863007125	152
44	1	57363	0	919	2017-03-30 16:36:47	40044	1490863007158	153
48	1	57363	0	4798	2017-03-30 16:36:47	40048	1490863007192	154
59	1	57363	0	8563	2017-03-30 16:36:47	40059	1490863007225	155
133	1	57363	0	2185	2017-03-30 16:36:47	40133	1490863007259	156
131	1	57363	0	3906	2017-03-30 16:36:47	40131	1490863007292	157
75	1	57363	0	757	2017-03-30 16:36:47	40075	1490863007325	158
138	1	57363	0	3600	2017-03-30 16:36:47	40138	1490863007359	159
130	1	57363	0	1805	2017-03-30 16:36:47	40130	1490863007392	160
80	1	57363	0	8954	2017-03-30 16:36:47	40080	1490863007426	161
65	1	57363	0	2589	2017-03-30 16:36:47	40065	1490863007459	162
78	1	57363	0	7684	2017-03-30 16:36:47	40078	1490863007501	163
124	1	57363	0	4655	2017-03-30 16:36:47	40124	1490863007542	164
69	1	57363	0	1442	2017-03-30 16:36:47	40069	1490863007584	165
121	1	57363	0	4227	2017-03-30 16:36:47	40121	1490863007626	166
128	1	57363	0	1645	2017-03-30 16:36:47	40128	1490863007684	167
64	1	57363	0	8814	2017-03-30 16:36:47	40064	1490863007726	168
66	1	57363	0	1560	2017-03-30 16:36:47	40066	1490863007768	169
120	1	57363	0	4084	2017-03-30 16:36:47	40120	1490863007809	170
57	1	57363	0	1042	2017-03-30 16:36:47	40057	1490863007851	171
70	1	57363	0	1690	2017-03-30 16:36:47	40070	1490863007901	172
81	1	57363	0	5314	2017-03-30 16:36:47	40081	1490863007943	173
136	1	57363	0	4434	2017-03-30 16:36:47	40136	1490863007985	174
52	1	57363	0	3874	2017-03-30 16:36:48	40052	1490863008026	175
51	1	57363	0	10173	2017-03-30 16:36:48	40051	1490863008068	176
42	1	57363	0	3626	2017-03-30 16:36:48	40042	1490863008110	177
68	1	57363	0	7287	2017-03-30 16:36:48	40068	1490863008153	178
117	1	57363	0	1732	2017-03-30 16:36:48	40117	1490863008193	179
77	1	57363	0	1410	2017-03-30 16:36:48	40077	1490863008235	180
84	1	57363	0	2333	2017-03-30 16:36:48	40084	1490863008277	181
83	1	57363	0	1537	2017-03-30 16:36:48	40083	1490863008318	182
129	1	57363	0	2062	2017-03-30 16:36:48	40129	1490863008360	183
73	1	57363	0	6010	2017-03-30 16:36:48	40073	1490863008402	184
123	1	57363	0	3811	2017-03-30 16:36:48	40123	1490863008443	185
40	1	57363	0	9863	2017-03-30 16:36:48	40040	1490863008477	186
126	1	57363	0	3956	2017-03-30 16:36:48	40126	1490863008510	187
46	1	57363	0	3807	2017-03-30 16:36:48	40046	1490863008544	188
19	2	53267	0	13398	2017-03-30 16:37:43	40019	1490863063597	189
3	2	53267	0	6377	2017-03-30 16:37:43	40003	1490863063669	190
17	2	53267	0	1299	2017-03-30 16:37:43	40017	1490863063751	191
21	2	53267	0	4908	2017-03-30 16:37:43	40021	1490863063784	192
1	2	53269	0	15979	2017-03-30 16:37:43	40001	1490863063817	193
12	2	53268	0	6003	2017-03-30 16:37:43	40012	1490863063851	194
2	2	53267	0	12572	2017-03-30 16:37:43	40002	1490863063884	195
4	2	53267	0	667	2017-03-30 16:37:43	40004	1490863063918	196
10	2	53267	0	10088	2017-03-30 16:37:43	40010	1490863063951	197
22	2	53267	0	12171	2017-03-30 16:37:43	40022	1490863063984	198
20	2	53267	0	13505	2017-03-30 16:37:44	40020	1490863064018	199
13	2	53268	0	3192	2017-03-30 16:37:44	40013	1490863064051	200
18	2	53267	0	12321	2017-03-30 16:37:44	40018	1490863064118	201
15	2	53267	0	13335	2017-03-30 16:37:44	40015	1490863064151	202
7	2	53267	0	13509	2017-03-30 16:37:44	40007	1490863064201	203
6	2	53267	0	12702	2017-03-30 16:37:44	40006	1490863064235	204
8	2	53267	0	6332	2017-03-30 16:37:44	40008	1490863064268	205
14	2	53267	0	5961	2017-03-30 16:37:44	40014	1490863064302	206
11	2	53267	0	935	2017-03-30 16:37:44	40011	1490863064335	207
41	2	53270	0	13611	2017-03-30 16:37:45	40041	1490863065294	208
28	2	53267	0	10508	2017-03-30 16:37:45	40028	1490863065416	209
27	2	53267	0	918	2017-03-30 16:37:45	40027	1490863065474	210
26	2	53267	0	11386	2017-03-30 16:37:45	40026	1490863065514	211
38	2	53267	0	11822	2017-03-30 16:37:45	40038	1490863065547	212
30	2	53267	0	787	2017-03-30 16:37:45	40030	1490863065600	213
47	2	53267	0	8269	2017-03-30 16:37:45	40047	1490863065635	214
37	2	53267	0	10506	2017-03-30 16:37:45	40037	1490863065669	215
25	2	53267	0	1231	2017-03-30 16:37:45	40025	1490863065702	216
39	2	53267	0	12435	2017-03-30 16:37:45	40039	1490863065735	217
43	2	53267	0	3836	2017-03-30 16:37:45	40043	1490863065769	218
24	2	53267	0	8450	2017-03-30 16:37:45	40024	1490863065802	219
33	2	53267	0	10582	2017-03-30 16:37:45	40033	1490863065836	220
35	2	53267	0	3119	2017-03-30 16:37:45	40035	1490863065869	221
34	2	53267	0	9198	2017-03-30 16:37:45	40034	1490863065903	222
36	2	53267	0	12458	2017-03-30 16:37:45	40036	1490863065936	223
31	2	53267	0	3467	2017-03-30 16:37:45	40031	1490863065969	224
32	2	53267	0	13708	2017-03-30 16:37:46	40032	1490863066019	225
55	2	53267	0	13716	2017-03-30 16:37:46	40055	1490863066181	226
116	2	53267	0	3813	2017-03-30 16:37:46	40116	1490863066319	227
79	2	53267	0	11000	2017-03-30 16:37:46	40079	1490863066377	228
135	2	53267	0	5933	2017-03-30 16:37:46	40135	1490863066411	229
115	2	53267	0	6439	2017-03-30 16:37:46	40115	1490863066445	230
127	2	53267	0	6480	2017-03-30 16:37:46	40127	1490863066480	231
137	2	53267	0	2911	2017-03-30 16:37:46	40137	1490863066511	232
85	2	53267	0	6677	2017-03-30 16:37:46	40085	1490863066647	233
59	2	53267	0	10131	2017-03-30 16:37:46	40059	1490863066678	234
83	2	53267	0	2261	2017-03-30 16:37:46	40083	1490863066712	235
50	2	53267	0	7325	2017-03-30 16:37:46	40050	1490863066745	236
63	2	53267	0	6686	2017-03-30 16:37:46	40063	1490863066778	237
70	2	53267	0	2612	2017-03-30 16:37:46	40070	1490863066812	238
72	2	53267	0	9554	2017-03-30 16:37:46	40072	1490863066845	239
64	2	53267	0	9816	2017-03-30 16:37:46	40064	1490863066895	240
48	2	53267	0	4798	2017-03-30 16:37:46	40048	1490863066929	241
74	2	53267	0	3326	2017-03-30 16:37:46	40074	1490863066962	242
117	2	53267	0	2457	2017-03-30 16:37:46	40117	1490863066995	243
118	2	53267	0	6760	2017-03-30 16:37:47	40118	1490863067029	244
69	2	53267	0	1442	2017-03-30 16:37:47	40069	1490863067062	245
131	2	53267	0	5865	2017-03-30 16:37:47	40131	1490863067096	246
46	2	53267	0	3807	2017-03-30 16:37:47	40046	1490863067129	247
84	2	53267	0	3306	2017-03-30 16:37:47	40084	1490863067163	248
132	2	53267	0	6653	2017-03-30 16:37:47	40132	1490863067196	249
40	2	53267	0	11838	2017-03-30 16:37:47	40040	1490863067229	250
52	2	53267	0	3874	2017-03-30 16:37:47	40052	1490863067279	251
57	2	53267	0	1042	2017-03-30 16:37:47	40057	1490863067313	252
80	2	53267	0	10096	2017-03-30 16:37:47	40080	1490863067346	253
139	2	53267	0	6026	2017-03-30 16:37:47	40139	1490863067379	254
128	2	53267	0	2602	2017-03-30 16:37:47	40128	1490863067413	255
65	2	53267	0	2589	2017-03-30 16:37:47	40065	1490863067456	256
42	2	53267	0	3626	2017-03-30 16:37:47	40042	1490863067507	257
119	2	53267	0	3192	2017-03-30 16:37:47	40119	1490863067548	258
133	2	53267	0	3070	2017-03-30 16:37:47	40133	1490863067589	259
66	2	53267	0	2283	2017-03-30 16:37:47	40066	1490863067631	260
71	2	53267	0	12843	2017-03-30 16:37:47	40071	1490863067673	261
136	2	53267	0	6697	2017-03-30 16:37:47	40136	1490863067714	262
124	2	53267	0	6867	2017-03-30 16:37:47	40124	1490863067756	263
75	2	53267	0	757	2017-03-30 16:37:47	40075	1490863067798	264
67	2	53267	0	4973	2017-03-30 16:37:47	40067	1490863067840	265
44	2	53267	0	919	2017-03-30 16:37:47	40044	1490863067881	266
51	2	53267	0	11746	2017-03-30 16:37:47	40051	1490863067923	267
130	2	53267	0	2733	2017-03-30 16:37:47	40130	1490863067965	268
122	2	53267	0	2746	2017-03-30 16:37:47	40122	1490863067998	269
81	2	53267	0	6445	2017-03-30 16:37:48	40081	1490863068031	270
68	2	53267	0	8376	2017-03-30 16:37:48	40068	1490863068065	271
134	2	53267	0	2708	2017-03-30 16:37:48	40134	1490863068098	272
126	2	53267	0	5900	2017-03-30 16:37:48	40126	1490863068132	273
121	2	53267	0	6282	2017-03-30 16:37:48	40121	1490863068165	274
77	2	53267	0	2133	2017-03-30 16:37:48	40077	1490863068198	275
78	2	53267	0	9058	2017-03-30 16:37:48	40078	1490863068232	276
73	2	53267	0	6837	2017-03-30 16:37:48	40073	1490863068265	277
138	2	53267	0	5531	2017-03-30 16:37:48	40138	1490863068299	278
120	2	53267	0	6149	2017-03-30 16:37:48	40120	1490863068332	279
123	2	53267	0	5766	2017-03-30 16:37:48	40123	1490863068365	280
129	2	53267	0	3146	2017-03-30 16:37:48	40129	1490863068399	281
76	2	53267	0	3737	2017-03-30 16:37:48	40076	1490863068432	282
19	3	49171	0	15199	2017-03-30 16:38:43	40019	1490863123594	283
3	3	49171	0	6377	2017-03-30 16:38:43	40003	1490863123673	284
1	3	49173	0	21595	2017-03-30 16:38:43	40001	1490863123739	285
12	3	49172	0	6003	2017-03-30 16:38:43	40012	1490863123806	286
21	3	49171	0	4908	2017-03-30 16:38:43	40021	1490863123839	287
2	3	49171	0	14529	2017-03-30 16:38:43	40002	1490863123873	288
4	3	49171	0	667	2017-03-30 16:38:43	40004	1490863123906	289
10	3	49171	0	11142	2017-03-30 16:38:43	40010	1490863123940	290
8	3	49171	0	6332	2017-03-30 16:38:43	40008	1490863123973	291
20	3	49171	0	15569	2017-03-30 16:38:44	40020	1490863124006	292
22	3	49171	0	13923	2017-03-30 16:38:44	40022	1490863124040	293
15	3	49171	0	15553	2017-03-30 16:38:44	40015	1490863124073	294
7	3	49171	0	14513	2017-03-30 16:38:44	40007	1490863124107	295
13	3	49172	0	3192	2017-03-30 16:38:44	40013	1490863124140	296
14	3	49172	0	5961	2017-03-30 16:38:44	40014	1490863124173	297
18	3	49171	0	13213	2017-03-30 16:38:44	40018	1490863124207	298
6	3	49171	0	14816	2017-03-30 16:38:44	40006	1490863124240	299
11	3	49172	0	935	2017-03-30 16:38:44	40011	1490863124274	300
17	3	49171	0	1299	2017-03-30 16:38:44	40017	1490863124307	301
41	3	49171	0	14628	2017-03-30 16:38:45	40041	1490863125279	302
28	3	49171	0	12275	2017-03-30 16:38:45	40028	1490863125408	303
27	3	49171	0	918	2017-03-30 16:38:45	40027	1490863125472	304
26	3	49171	0	13225	2017-03-30 16:38:45	40026	1490863125512	305
38	3	49171	0	13693	2017-03-30 16:38:45	40038	1490863125549	306
43	3	49171	0	3836	2017-03-30 16:38:45	40043	1490863125602	307
37	3	49171	0	11591	2017-03-30 16:38:45	40037	1490863125633	308
31	3	49171	0	3467	2017-03-30 16:38:45	40031	1490863125666	309
39	3	49171	0	14615	2017-03-30 16:38:45	40039	1490863125699	310
36	3	49171	0	13805	2017-03-30 16:38:45	40036	1490863125733	311
35	3	49171	0	3119	2017-03-30 16:38:45	40035	1490863125766	312
47	3	49171	0	9155	2017-03-30 16:38:45	40047	1490863125816	313
32	3	49171	0	15857	2017-03-30 16:38:45	40032	1490863125849	314
24	3	49171	0	9175	2017-03-30 16:38:45	40024	1490863125883	315
33	3	49171	0	11679	2017-03-30 16:38:45	40033	1490863125916	316
25	3	49171	0	1231	2017-03-30 16:38:45	40025	1490863125950	317
30	3	49171	0	787	2017-03-30 16:38:45	40030	1490863125983	318
34	3	49171	0	10342	2017-03-30 16:38:46	40034	1490863126016	319
55	3	49171	0	15336	2017-03-30 16:38:46	40055	1490863126178	320
116	3	49171	0	5131	2017-03-30 16:38:46	40116	1490863126314	321
79	3	49171	0	12814	2017-03-30 16:38:46	40079	1490863126378	322
135	3	49171	0	8108	2017-03-30 16:38:46	40135	1490863126415	323
115	3	49171	0	8607	2017-03-30 16:38:46	40115	1490863126450	324
127	3	49171	0	8303	2017-03-30 16:38:46	40127	1490863126483	325
137	3	49171	0	4059	2017-03-30 16:38:46	40137	1490863126517	326
85	3	49171	0	7583	2017-03-30 16:38:46	40085	1490863126643	327
48	3	49171	0	4798	2017-03-30 16:38:46	40048	1490863126675	328
51	3	49171	0	12978	2017-03-30 16:38:46	40051	1490863126709	329
75	3	49171	0	757	2017-03-30 16:38:46	40075	1490863126742	330
73	3	49171	0	7745	2017-03-30 16:38:46	40073	1490863126776	331
59	3	49171	0	11460	2017-03-30 16:38:46	40059	1490863126809	332
57	3	49171	0	1042	2017-03-30 16:38:46	40057	1490863126842	333
130	3	49171	0	3802	2017-03-30 16:38:46	40130	1490863126892	334
67	3	49171	0	4973	2017-03-30 16:38:46	40067	1490863126926	335
81	3	49171	0	7543	2017-03-30 16:38:46	40081	1490863126959	336
68	3	49171	0	9401	2017-03-30 16:38:46	40068	1490863126993	337
119	3	49171	0	4273	2017-03-30 16:38:47	40119	1490863127026	338
117	3	49171	0	3447	2017-03-30 16:38:47	40117	1490863127068	339
72	3	49171	0	10632	2017-03-30 16:38:47	40072	1490863127101	340
64	3	49171	0	10793	2017-03-30 16:38:47	40064	1490863127134	341
63	3	49171	0	7559	2017-03-30 16:38:47	40063	1490863127168	342
123	3	49171	0	7876	2017-03-30 16:38:47	40123	1490863127201	343
77	3	49171	0	2855	2017-03-30 16:38:47	40077	1490863127235	344
133	3	49171	0	4163	2017-03-30 16:38:47	40133	1490863127268	345
132	3	49171	0	8881	2017-03-30 16:38:47	40132	1490863127301	346
122	3	49171	0	3816	2017-03-30 16:38:47	40122	1490863127335	347
118	3	49171	0	8990	2017-03-30 16:38:47	40118	1490863127368	348
120	3	49171	0	8214	2017-03-30 16:38:47	40120	1490863127401	349
66	3	49171	0	3005	2017-03-30 16:38:47	40066	1490863127435	350
84	3	49171	0	4294	2017-03-30 16:38:47	40084	1490863127468	351
138	3	49171	0	7448	2017-03-30 16:38:47	40138	1490863127502	352
70	3	49171	0	3535	2017-03-30 16:38:47	40070	1490863127535	353
78	3	49171	0	10473	2017-03-30 16:38:47	40078	1490863127577	354
44	3	49171	0	919	2017-03-30 16:38:47	40044	1490863127619	355
46	3	49171	0	3807	2017-03-30 16:38:47	40046	1490863127660	356
129	3	49171	0	4369	2017-03-30 16:38:47	40129	1490863127702	357
65	3	49171	0	2589	2017-03-30 16:38:47	40065	1490863127744	358
139	3	49171	0	8142	2017-03-30 16:38:47	40139	1490863127778	359
40	3	49171	0	13854	2017-03-30 16:38:47	40040	1490863127812	360
83	3	49171	0	3015	2017-03-30 16:38:47	40083	1490863127845	361
80	3	49171	0	11140	2017-03-30 16:38:47	40080	1490863127878	362
69	3	49171	0	1442	2017-03-30 16:38:47	40069	1490863127913	363
42	3	49171	0	3626	2017-03-30 16:38:47	40042	1490863127945	364
124	3	49171	0	9203	2017-03-30 16:38:47	40124	1490863127979	365
121	3	49171	0	8299	2017-03-30 16:38:48	40121	1490863128012	366
136	3	49171	0	8863	2017-03-30 16:38:48	40136	1490863128045	367
71	3	49171	0	18440	2017-03-30 16:38:48	40071	1490863128079	368
52	3	49171	0	3874	2017-03-30 16:38:48	40052	1490863128112	369
134	3	49171	0	3500	2017-03-30 16:38:48	40134	1490863128154	370
131	3	49171	0	7944	2017-03-30 16:38:48	40131	1490863128187	371
76	3	49171	0	3737	2017-03-30 16:38:48	40076	1490863128221	372
50	3	49171	0	8033	2017-03-30 16:38:48	40050	1490863128254	373
74	3	49171	0	4205	2017-03-30 16:38:48	40074	1490863128287	374
126	3	49171	0	7775	2017-03-30 16:38:48	40126	1490863128337	375
128	3	49171	0	3752	2017-03-30 16:38:48	40128	1490863128371	376
19	4	45075	0	17111	2017-03-30 16:39:43	40019	1490863183594	377
3	4	45075	0	6377	2017-03-30 16:39:43	40003	1490863183666	378
1	4	45077	0	27210	2017-03-30 16:39:43	40001	1490863183736	379
17	4	45075	0	1299	2017-03-30 16:39:43	40017	1490863183770	380
12	4	45077	0	6003	2017-03-30 16:39:43	40012	1490863183803	381
21	4	45075	0	4908	2017-03-30 16:39:43	40021	1490863183837	382
2	4	45075	0	16424	2017-03-30 16:39:43	40002	1490863183870	383
10	4	45075	0	12104	2017-03-30 16:39:43	40010	1490863183903	384
11	4	45075	0	935	2017-03-30 16:39:43	40011	1490863183953	385
13	4	45076	0	3192	2017-03-30 16:39:44	40013	1490863184003	386
22	4	45075	0	15690	2017-03-30 16:39:44	40022	1490863184037	387
14	4	45075	0	5961	2017-03-30 16:39:44	40014	1490863184070	388
6	4	45075	0	16862	2017-03-30 16:39:44	40006	1490863184104	389
8	4	45075	0	6332	2017-03-30 16:39:44	40008	1490863184154	390
15	4	45075	0	17669	2017-03-30 16:39:44	40015	1490863184187	391
20	4	45075	0	17719	2017-03-30 16:39:44	40020	1490863184220	392
18	4	45075	0	14233	2017-03-30 16:39:44	40018	1490863184254	393
7	4	45075	0	15463	2017-03-30 16:39:44	40007	1490863184287	394
4	4	45075	0	667	2017-03-30 16:39:44	40004	1490863184321	395
41	4	45075	0	16041	2017-03-30 16:39:45	40041	1490863185279	396
28	4	45075	0	14003	2017-03-30 16:39:45	40028	1490863185415	397
27	4	45075	0	918	2017-03-30 16:39:45	40027	1490863185470	398
26	4	45075	0	15054	2017-03-30 16:39:45	40026	1490863185510	399
38	4	45075	0	15560	2017-03-30 16:39:45	40038	1490863185551	400
43	4	45075	0	3836	2017-03-30 16:39:45	40043	1490863185600	401
24	4	45075	0	10127	2017-03-30 16:39:45	40024	1490863185629	402
32	4	45075	0	18112	2017-03-30 16:39:45	40032	1490863185663	403
47	4	45075	0	10074	2017-03-30 16:39:45	40047	1490863185696	404
33	4	45075	0	12849	2017-03-30 16:39:45	40033	1490863185730	405
34	4	45075	0	11484	2017-03-30 16:39:45	40034	1490863185763	406
36	4	45075	0	14819	2017-03-30 16:39:45	40036	1490863185796	407
35	4	45075	0	3119	2017-03-30 16:39:45	40035	1490863185830	408
31	4	45075	0	3467	2017-03-30 16:39:45	40031	1490863185863	409
30	4	45075	0	787	2017-03-30 16:39:45	40030	1490863185896	410
37	4	45075	0	12650	2017-03-30 16:39:45	40037	1490863185930	411
39	4	45075	0	16429	2017-03-30 16:39:45	40039	1490863185963	412
25	4	45075	0	1231	2017-03-30 16:39:45	40025	1490863185997	413
55	4	45075	0	17059	2017-03-30 16:39:46	40055	1490863186175	414
116	4	45075	0	6417	2017-03-30 16:39:46	40116	1490863186310	415
79	4	45075	0	14825	2017-03-30 16:39:46	40079	1490863186380	416
135	4	45075	0	10117	2017-03-30 16:39:46	40135	1490863186414	417
115	4	45075	0	10721	2017-03-30 16:39:46	40115	1490863186464	418
127	4	45075	0	10129	2017-03-30 16:39:46	40127	1490863186497	419
137	4	45075	0	5016	2017-03-30 16:39:46	40137	1490863186530	420
85	4	45075	0	8291	2017-03-30 16:39:46	40085	1490863186639	421
48	4	45075	0	4798	2017-03-30 16:39:46	40048	1490863186681	422
75	4	45075	0	757	2017-03-30 16:39:46	40075	1490863186714	423
78	4	45075	0	11871	2017-03-30 16:39:46	40078	1490863186747	424
52	4	45075	0	3874	2017-03-30 16:39:46	40052	1490863186781	425
84	4	45075	0	5160	2017-03-30 16:39:46	40084	1490863186814	426
66	4	45075	0	3794	2017-03-30 16:39:46	40066	1490863186848	427
44	4	45075	0	919	2017-03-30 16:39:46	40044	1490863186881	428
139	4	45075	0	10074	2017-03-30 16:39:46	40139	1490863186914	429
42	4	45075	0	3626	2017-03-30 16:39:46	40042	1490863186948	430
124	4	45075	0	11427	2017-03-30 16:39:46	40124	1490863186981	431
126	4	45075	0	9689	2017-03-30 16:39:47	40126	1490863187015	432
63	4	45075	0	8590	2017-03-30 16:39:47	40063	1490863187048	433
72	4	45075	0	11635	2017-03-30 16:39:47	40072	1490863187081	434
57	4	45075	0	1042	2017-03-30 16:39:47	40057	1490863187115	435
46	4	45075	0	3807	2017-03-30 16:39:47	40046	1490863187156	436
73	4	45075	0	8705	2017-03-30 16:39:47	40073	1490863187198	437
131	4	45075	0	9861	2017-03-30 16:39:47	40131	1490863187240	438
40	4	45075	0	15875	2017-03-30 16:39:47	40040	1490863187282	439
121	4	45075	0	10092	2017-03-30 16:39:47	40121	1490863187323	440
136	4	45075	0	11153	2017-03-30 16:39:47	40136	1490863187365	441
51	4	45075	0	14734	2017-03-30 16:39:47	40051	1490863187407	442
50	4	45075	0	8757	2017-03-30 16:39:47	40050	1490863187448	443
128	4	45075	0	4460	2017-03-30 16:39:47	40128	1490863187490	444
129	4	45075	0	5573	2017-03-30 16:39:47	40129	1490863187532	445
74	4	45075	0	5022	2017-03-30 16:39:47	40074	1490863187574	446
81	4	45075	0	8736	2017-03-30 16:39:47	40081	1490863187615	447
138	4	45075	0	9493	2017-03-30 16:39:47	40138	1490863187657	448
64	4	45075	0	11749	2017-03-30 16:39:47	40064	1490863187699	449
134	4	45075	0	4384	2017-03-30 16:39:47	40134	1490863187757	450
118	4	45075	0	11135	2017-03-30 16:39:47	40118	1490863187799	451
77	4	45075	0	3682	2017-03-30 16:39:47	40077	1490863187841	452
67	4	45075	0	4973	2017-03-30 16:39:47	40067	1490863187882	453
80	4	45075	0	11929	2017-03-30 16:39:47	40080	1490863187932	454
71	4	45075	0	19216	2017-03-30 16:39:47	40071	1490863187974	455
120	4	45075	0	10386	2017-03-30 16:39:48	40120	1490863188016	456
122	4	45075	0	5011	2017-03-30 16:39:48	40122	1490863188049	457
70	4	45075	0	4323	2017-03-30 16:39:48	40070	1490863188083	458
65	4	45075	0	2589	2017-03-30 16:39:48	40065	1490863188116	459
117	4	45075	0	4501	2017-03-30 16:39:48	40117	1490863188151	460
83	4	45075	0	3770	2017-03-30 16:39:48	40083	1490863188184	461
123	4	45075	0	10024	2017-03-30 16:39:48	40123	1490863188217	462
68	4	45075	0	10192	2017-03-30 16:39:48	40068	1490863188251	463
69	4	45075	0	1442	2017-03-30 16:39:48	40069	1490863188284	464
132	4	45075	0	11154	2017-03-30 16:39:48	40132	1490863188318	465
133	4	45075	0	5100	2017-03-30 16:39:48	40133	1490863188351	466
130	4	45075	0	4548	2017-03-30 16:39:48	40130	1490863188384	467
59	4	45075	0	13032	2017-03-30 16:39:48	40059	1490863188418	468
119	4	45075	0	5179	2017-03-30 16:39:48	40119	1490863188451	469
76	4	45075	0	3737	2017-03-30 16:39:48	40076	1490863188485	470
19	5	40979	0	18953	2017-03-30 16:40:43	40019	1490863243590	471
3	5	40979	0	6377	2017-03-30 16:40:43	40003	1490863243666	472
1	5	40981	0	32812	2017-03-30 16:40:43	40001	1490863243750	473
21	5	40979	0	4908	2017-03-30 16:40:43	40021	1490863243783	474
12	5	40981	0	6003	2017-03-30 16:40:43	40012	1490863243817	475
17	5	40979	0	1299	2017-03-30 16:40:43	40017	1490863243850	476
10	5	40979	0	13087	2017-03-30 16:40:43	40010	1490863243884	477
4	5	40980	0	667	2017-03-30 16:40:43	40004	1490863243917	478
11	5	40980	0	935	2017-03-30 16:40:43	40011	1490863243950	479
13	5	40980	0	3192	2017-03-30 16:40:43	40013	1490863243984	480
8	5	40979	0	6332	2017-03-30 16:40:44	40008	1490863244017	481
14	5	40980	0	5961	2017-03-30 16:40:44	40014	1490863244052	482
2	5	40979	0	18379	2017-03-30 16:40:44	40002	1490863244084	483
7	5	40979	0	16507	2017-03-30 16:40:44	40007	1490863244117	484
18	5	40979	0	15138	2017-03-30 16:40:44	40018	1490863244151	485
6	5	40979	0	18954	2017-03-30 16:40:44	40006	1490863244184	486
22	5	40979	0	17399	2017-03-30 16:40:44	40022	1490863244217	487
20	5	40979	0	19747	2017-03-30 16:40:44	40020	1490863244284	488
15	5	40979	0	19806	2017-03-30 16:40:44	40015	1490863244318	489
41	5	40979	0	17228	2017-03-30 16:40:45	40041	1490863245280	490
28	5	40979	0	15697	2017-03-30 16:40:45	40028	1490863245407	491
27	5	40979	0	918	2017-03-30 16:40:45	40027	1490863245468	492
26	5	40979	0	16977	2017-03-30 16:40:45	40026	1490863245508	493
38	5	40979	0	17272	2017-03-30 16:40:45	40038	1490863245543	494
43	5	40979	0	3836	2017-03-30 16:40:45	40043	1490863245599	495
39	5	40979	0	18187	2017-03-30 16:40:45	40039	1490863245626	496
25	5	40979	0	1231	2017-03-30 16:40:45	40025	1490863245660	497
31	5	40979	0	3467	2017-03-30 16:40:45	40031	1490863245693	498
35	5	40979	0	3119	2017-03-30 16:40:45	40035	1490863245727	499
37	5	40979	0	13669	2017-03-30 16:40:45	40037	1490863245760	500
47	5	40979	0	11019	2017-03-30 16:40:45	40047	1490863245793	501
24	5	40979	0	11082	2017-03-30 16:40:45	40024	1490863245827	502
30	5	40979	0	787	2017-03-30 16:40:45	40030	1490863245860	503
32	5	40979	0	20368	2017-03-30 16:40:45	40032	1490863245893	504
36	5	40979	0	15825	2017-03-30 16:40:45	40036	1490863245927	505
34	5	40979	0	12764	2017-03-30 16:40:45	40034	1490863245960	506
33	5	40979	0	14049	2017-03-30 16:40:45	40033	1490863245994	507
55	5	40979	0	18738	2017-03-30 16:40:46	40055	1490863246172	508
116	5	40980	0	7626	2017-03-30 16:40:46	40116	1490863246322	509
79	5	40979	0	16642	2017-03-30 16:40:46	40079	1490863246380	510
135	5	40979	0	11993	2017-03-30 16:40:46	40135	1490863246411	511
115	5	40979	0	12750	2017-03-30 16:40:46	40115	1490863246444	512
127	5	40979	0	11960	2017-03-30 16:40:46	40127	1490863246483	513
137	5	40979	0	5982	2017-03-30 16:40:46	40137	1490863246511	514
85	5	40979	0	9192	2017-03-30 16:40:46	40085	1490863246635	515
72	5	40979	0	12702	2017-03-30 16:40:46	40072	1490863246669	516
71	5	40979	0	24829	2017-03-30 16:40:46	40071	1490863246703	517
51	5	40979	0	15963	2017-03-30 16:40:46	40051	1490863246736	518
42	5	40979	0	3626	2017-03-30 16:40:46	40042	1490863246769	519
59	5	40979	0	14653	2017-03-30 16:40:46	40059	1490863246803	520
70	5	40979	0	5325	2017-03-30 16:40:46	40070	1490863246836	521
130	5	40979	0	5517	2017-03-30 16:40:46	40130	1490863246878	522
63	5	40979	0	9617	2017-03-30 16:40:46	40063	1490863246920	523
119	5	40979	0	6576	2017-03-30 16:40:46	40119	1490863246961	524
50	5	40979	0	9465	2017-03-30 16:40:47	40050	1490863247003	525
68	5	40979	0	11175	2017-03-30 16:40:47	40068	1490863247045	526
138	5	40979	0	11269	2017-03-30 16:40:47	40138	1490863247087	527
131	5	40979	0	11894	2017-03-30 16:40:47	40131	1490863247128	528
76	5	40979	0	3737	2017-03-30 16:40:47	40076	1490863247170	529
123	5	40979	0	11840	2017-03-30 16:40:47	40123	1490863247212	530
126	5	40979	0	11374	2017-03-30 16:40:47	40126	1490863247253	531
133	5	40979	0	6639	2017-03-30 16:40:47	40133	1490863247295	532
77	5	40979	0	4441	2017-03-30 16:40:47	40077	1490863247354	533
75	5	40979	0	757	2017-03-30 16:40:47	40075	1490863247397	534
124	5	40979	0	13705	2017-03-30 16:40:47	40124	1490863247437	535
78	5	40979	0	13385	2017-03-30 16:40:47	40078	1490863247479	536
128	5	40979	0	5389	2017-03-30 16:40:47	40128	1490863247529	537
69	5	40979	0	1442	2017-03-30 16:40:47	40069	1490863247570	538
73	5	40979	0	9545	2017-03-30 16:40:47	40073	1490863247612	539
84	5	40979	0	6205	2017-03-30 16:40:47	40084	1490863247654	540
134	5	40979	0	5392	2017-03-30 16:40:47	40134	1490863247687	541
80	5	40979	0	12883	2017-03-30 16:40:47	40080	1490863247721	542
117	5	40979	0	5466	2017-03-30 16:40:47	40117	1490863247754	543
52	5	40979	0	3874	2017-03-30 16:40:47	40052	1490863247787	544
74	5	40979	0	5832	2017-03-30 16:40:47	40074	1490863247821	545
48	5	40979	0	4798	2017-03-30 16:40:47	40048	1490863247854	546
136	5	40979	0	13313	2017-03-30 16:40:47	40136	1490863247888	547
121	5	40979	0	12132	2017-03-30 16:40:47	40121	1490863247921	548
129	5	40979	0	7424	2017-03-30 16:40:47	40129	1490863247954	549
118	5	40979	0	13324	2017-03-30 16:40:47	40118	1490863247988	550
64	5	40979	0	12819	2017-03-30 16:40:48	40064	1490863248021	551
139	5	40979	0	12109	2017-03-30 16:40:48	40139	1490863248055	552
40	5	40979	0	17881	2017-03-30 16:40:48	40040	1490863248096	553
83	5	40979	0	4666	2017-03-30 16:40:48	40083	1490863248130	554
66	5	40979	0	4592	2017-03-30 16:40:48	40066	1490863248163	555
44	5	40979	0	919	2017-03-30 16:40:48	40044	1490863248196	556
46	5	40979	0	3807	2017-03-30 16:40:48	40046	1490863248230	557
120	5	40979	0	12571	2017-03-30 16:40:48	40120	1490863248263	558
57	5	40979	0	1042	2017-03-30 16:40:48	40057	1490863248297	559
132	5	40979	0	13366	2017-03-30 16:40:48	40132	1490863248330	560
122	5	40979	0	6128	2017-03-30 16:40:48	40122	1490863248363	561
67	5	40979	0	4973	2017-03-30 16:40:48	40067	1490863248397	562
81	5	40979	0	10115	2017-03-30 16:40:48	40081	1490863248430	563
65	5	40979	0	2589	2017-03-30 16:40:48	40065	1490863248465	564
19	6	36883	0	20841	2017-03-30 16:41:43	40019	1490863303591	565
3	6	36883	0	6377	2017-03-30 16:41:43	40003	1490863303667	566
1	6	36885	0	38398	2017-03-30 16:41:43	40001	1490863303730	567
17	6	36883	0	1299	2017-03-30 16:41:43	40017	1490863303764	568
12	6	36883	0	6003	2017-03-30 16:41:43	40012	1490863303797	569
21	6	36883	0	4908	2017-03-30 16:41:43	40021	1490863303830	570
2	6	36883	0	20252	2017-03-30 16:41:43	40002	1490863303864	571
4	6	36884	0	667	2017-03-30 16:41:43	40004	1490863303897	572
11	6	36884	0	935	2017-03-30 16:41:43	40011	1490863303931	573
8	6	36883	0	6332	2017-03-30 16:41:43	40008	1490863303964	574
22	6	36883	0	19159	2017-03-30 16:41:43	40022	1490863303997	575
10	6	36883	0	14060	2017-03-30 16:41:44	40010	1490863304031	576
14	6	36884	0	5961	2017-03-30 16:41:44	40014	1490863304064	577
7	6	36883	0	17496	2017-03-30 16:41:44	40007	1490863304098	578
15	6	36883	0	21923	2017-03-30 16:41:44	40015	1490863304131	579
6	6	36883	0	21028	2017-03-30 16:41:44	40006	1490863304164	580
18	6	36885	0	16158	2017-03-30 16:41:44	40018	1490863304198	581
20	6	36883	0	21872	2017-03-30 16:41:44	40020	1490863304264	582
13	6	36883	0	3192	2017-03-30 16:41:44	40013	1490863304298	583
41	6	36883	0	18922	2017-03-30 16:41:45	40041	1490863305281	584
28	6	36883	0	17434	2017-03-30 16:41:45	40028	1490863305399	585
27	6	36883	0	918	2017-03-30 16:41:45	40027	1490863305466	586
26	6	36883	0	18779	2017-03-30 16:41:45	40026	1490863305506	587
38	6	36883	0	18691	2017-03-30 16:41:45	40038	1490863305541	588
43	6	36883	0	3836	2017-03-30 16:41:45	40043	1490863305597	589
39	6	36883	0	20107	2017-03-30 16:41:45	40039	1490863305633	590
30	6	36883	0	787	2017-03-30 16:41:45	40030	1490863305682	591
25	6	36883	0	1231	2017-03-30 16:41:45	40025	1490863305715	592
36	6	36883	0	16708	2017-03-30 16:41:45	40036	1490863305749	593
37	6	36883	0	14787	2017-03-30 16:41:45	40037	1490863305782	594
34	6	36883	0	14076	2017-03-30 16:41:45	40034	1490863305815	595
33	6	36883	0	15200	2017-03-30 16:41:45	40033	1490863305857	596
47	6	36883	0	11931	2017-03-30 16:41:45	40047	1490863305891	597
24	6	36883	0	12060	2017-03-30 16:41:45	40024	1490863305924	598
35	6	36883	0	3119	2017-03-30 16:41:45	40035	1490863305957	599
32	6	36883	0	22553	2017-03-30 16:41:45	40032	1490863305991	600
31	6	36883	0	3467	2017-03-30 16:41:46	40031	1490863306024	601
55	6	36883	0	20440	2017-03-30 16:41:46	40055	1490863306170	602
116	6	36883	0	9136	2017-03-30 16:41:46	40116	1490863306318	603
79	6	36883	0	18567	2017-03-30 16:41:46	40079	1490863306380	604
115	6	36883	0	14860	2017-03-30 16:41:46	40115	1490863306416	605
135	6	36883	0	13801	2017-03-30 16:41:46	40135	1490863306458	606
127	6	36883	0	13856	2017-03-30 16:41:46	40127	1490863306499	607
137	6	36883	0	7001	2017-03-30 16:41:46	40137	1490863306541	608
85	6	36883	0	10098	2017-03-30 16:41:46	40085	1490863306647	609
83	6	36883	0	5552	2017-03-30 16:41:46	40083	1490863306683	610
65	6	36883	0	2589	2017-03-30 16:41:46	40065	1490863306725	611
52	6	36883	0	3874	2017-03-30 16:41:46	40052	1490863306766	612
81	6	36883	0	11480	2017-03-30 16:41:46	40081	1490863306808	613
74	6	36883	0	6705	2017-03-30 16:41:46	40074	1490863306850	614
139	6	36883	0	14021	2017-03-30 16:41:46	40139	1490863306892	615
119	6	36883	0	7586	2017-03-30 16:41:46	40119	1490863306950	616
44	6	36883	0	919	2017-03-30 16:41:46	40044	1490863306992	617
40	6	36883	0	19808	2017-03-30 16:41:47	40040	1490863307034	618
73	6	36883	0	10382	2017-03-30 16:41:47	40073	1490863307075	619
75	6	36883	0	757	2017-03-30 16:41:47	40075	1490863307125	620
124	6	36883	0	15868	2017-03-30 16:41:47	40124	1490863307167	621
57	6	36883	0	1042	2017-03-30 16:41:47	40057	1490863307209	622
138	6	36883	0	13130	2017-03-30 16:41:47	40138	1490863307250	623
72	6	36883	0	13688	2017-03-30 16:41:47	40072	1490863307292	624
131	6	36883	0	13847	2017-03-30 16:41:47	40131	1490863307334	625
136	6	36883	0	15471	2017-03-30 16:41:47	40136	1490863307367	626
68	6	36883	0	12232	2017-03-30 16:41:47	40068	1490863307401	627
132	6	36883	0	15548	2017-03-30 16:41:47	40132	1490863307434	628
126	6	36883	0	13208	2017-03-30 16:41:47	40126	1490863307467	629
134	6	36883	0	6593	2017-03-30 16:41:47	40134	1490863307501	630
70	6	36883	0	6261	2017-03-30 16:41:47	40070	1490863307534	631
64	6	36883	0	13835	2017-03-30 16:41:47	40064	1490863307567	632
66	6	36883	0	5347	2017-03-30 16:41:47	40066	1490863307601	633
130	6	36883	0	6611	2017-03-30 16:41:47	40130	1490863307634	634
46	6	36883	0	3807	2017-03-30 16:41:47	40046	1490863307668	635
50	6	36883	0	10278	2017-03-30 16:41:47	40050	1490863307701	636
63	6	36883	0	10735	2017-03-30 16:41:47	40063	1490863307734	637
121	6	36883	0	14120	2017-03-30 16:41:47	40121	1490863307768	638
133	6	36883	0	7632	2017-03-30 16:41:47	40133	1490863307801	639
120	6	36883	0	14730	2017-03-30 16:41:47	40120	1490863307835	640
122	6	36883	0	7586	2017-03-30 16:41:47	40122	1490863307868	641
117	6	36883	0	6510	2017-03-30 16:41:47	40117	1490863307901	642
84	6	36883	0	7243	2017-03-30 16:41:47	40084	1490863307935	643
67	6	36883	0	4973	2017-03-30 16:41:47	40067	1490863307968	644
69	6	36883	0	1442	2017-03-30 16:41:48	40069	1490863308001	645
80	6	36883	0	13866	2017-03-30 16:41:48	40080	1490863308036	646
128	6	36883	0	6334	2017-03-30 16:41:48	40128	1490863308068	647
71	6	36883	0	30408	2017-03-30 16:41:48	40071	1490863308102	648
123	6	36883	0	13782	2017-03-30 16:41:48	40123	1490863308135	649
59	6	36883	0	16331	2017-03-30 16:41:48	40059	1490863308169	650
51	6	36883	0	17562	2017-03-30 16:41:48	40051	1490863308210	651
77	6	36883	0	5205	2017-03-30 16:41:48	40077	1490863308244	652
78	6	36883	0	14871	2017-03-30 16:41:48	40078	1490863308277	653
42	6	36883	0	3626	2017-03-30 16:41:48	40042	1490863308310	654
118	6	36883	0	15478	2017-03-30 16:41:48	40118	1490863308344	655
76	6	36883	0	3737	2017-03-30 16:41:48	40076	1490863308394	656
48	6	36883	0	4798	2017-03-30 16:41:48	40048	1490863308427	657
129	6	36883	0	9114	2017-03-30 16:41:48	40129	1490863308461	658
19	7	32787	0	22870	2017-03-30 16:42:43	40019	1490863363591	659
3	7	32787	0	6377	2017-03-30 16:42:43	40003	1490863363663	660
1	7	32789	0	44003	2017-03-30 16:42:43	40001	1490863363727	661
17	7	32787	0	1299	2017-03-30 16:42:43	40017	1490863363761	662
12	7	32788	0	6003	2017-03-30 16:42:43	40012	1490863363794	663
21	7	32787	0	4908	2017-03-30 16:42:43	40021	1490863363827	664
2	7	32787	0	22115	2017-03-30 16:42:43	40002	1490863363861	665
4	7	32787	0	667	2017-03-30 16:42:43	40004	1490863363894	666
11	7	32789	0	935	2017-03-30 16:42:43	40011	1490863363927	667
10	7	32787	0	15021	2017-03-30 16:42:43	40010	1490863363961	668
8	7	32787	0	6332	2017-03-30 16:42:44	40008	1490863364011	669
6	7	32787	0	23035	2017-03-30 16:42:44	40006	1490863364078	670
20	7	32787	0	23916	2017-03-30 16:42:44	40020	1490863364111	671
7	7	32787	0	18479	2017-03-30 16:42:44	40007	1490863364145	672
18	7	32787	0	17353	2017-03-30 16:42:44	40018	1490863364178	673
14	7	32787	0	5961	2017-03-30 16:42:44	40014	1490863364220	674
22	7	32787	0	20949	2017-03-30 16:42:44	40022	1490863364253	675
13	7	32789	0	3192	2017-03-30 16:42:44	40013	1490863364286	676
15	7	32787	0	23936	2017-03-30 16:42:44	40015	1490863364320	677
41	7	32787	0	20734	2017-03-30 16:42:45	40041	1490863365282	678
28	7	32787	0	19278	2017-03-30 16:42:45	40028	1490863365407	679
27	7	32787	0	918	2017-03-30 16:42:45	40027	1490863365464	680
26	7	32787	0	20634	2017-03-30 16:42:45	40026	1490863365504	681
38	7	32787	0	20594	2017-03-30 16:42:45	40038	1490863365543	682
43	7	32787	0	3836	2017-03-30 16:42:45	40043	1490863365595	683
32	7	32787	0	24719	2017-03-30 16:42:45	40032	1490863365629	684
47	7	32787	0	12831	2017-03-30 16:42:45	40047	1490863365662	685
30	7	32787	0	787	2017-03-30 16:42:45	40030	1490863365695	686
31	7	32787	0	3467	2017-03-30 16:42:45	40031	1490863365729	687
24	7	32787	0	12928	2017-03-30 16:42:45	40024	1490863365762	688
33	7	32787	0	16356	2017-03-30 16:42:45	40033	1490863365796	689
35	7	32787	0	3119	2017-03-30 16:42:45	40035	1490863365829	690
34	7	32787	0	15545	2017-03-30 16:42:45	40034	1490863365862	691
39	7	32787	0	22200	2017-03-30 16:42:45	40039	1490863365904	692
36	7	32787	0	17569	2017-03-30 16:42:45	40036	1490863365946	693
37	7	32788	0	15872	2017-03-30 16:42:45	40037	1490863365987	694
25	7	32787	0	1231	2017-03-30 16:42:46	40025	1490863366029	695
55	7	32787	0	21984	2017-03-30 16:42:46	40055	1490863366167	696
116	7	32787	0	10600	2017-03-30 16:42:46	40116	1490863366314	697
79	7	32787	0	20429	2017-03-30 16:42:46	40079	1490863366381	698
135	7	32787	0	15573	2017-03-30 16:42:46	40135	1490863366421	699
115	7	32787	0	17150	2017-03-30 16:42:46	40115	1490863366463	700
127	7	32787	0	15786	2017-03-30 16:42:46	40127	1490863366505	701
137	7	32787	0	8050	2017-03-30 16:42:46	40137	1490863366563	702
85	7	32787	0	11002	2017-03-30 16:42:46	40085	1490863366643	703
51	7	32787	0	19125	2017-03-30 16:42:46	40051	1490863366680	704
70	7	32787	0	7194	2017-03-30 16:42:46	40070	1490863366722	705
67	7	32787	0	4973	2017-03-30 16:42:46	40067	1490863366772	706
83	7	32787	0	6302	2017-03-30 16:42:46	40083	1490863366813	707
130	7	32787	0	7774	2017-03-30 16:42:46	40130	1490863366855	708
64	7	32787	0	14878	2017-03-30 16:42:46	40064	1490863366897	709
74	7	32787	0	7473	2017-03-30 16:42:46	40074	1490863366939	710
118	7	32787	0	17713	2017-03-30 16:42:46	40118	1490863366972	711
134	7	32787	0	7614	2017-03-30 16:42:47	40134	1490863367005	712
128	7	32787	0	7316	2017-03-30 16:42:47	40128	1490863367039	713
84	7	32787	0	8273	2017-03-30 16:42:47	40084	1490863367072	714
122	7	32787	0	8928	2017-03-30 16:42:47	40122	1490863367106	715
121	7	32787	0	16179	2017-03-30 16:42:47	40121	1490863367139	716
46	7	32787	0	3807	2017-03-30 16:42:47	40046	1490863367172	717
73	7	32787	0	11450	2017-03-30 16:42:47	40073	1490863367206	718
117	7	32787	0	7453	2017-03-30 16:42:47	40117	1490863367239	719
139	7	32787	0	15810	2017-03-30 16:42:47	40139	1490863367272	720
59	7	32787	0	18036	2017-03-30 16:42:47	40059	1490863367306	721
76	7	32787	0	3737	2017-03-30 16:42:47	40076	1490863367339	722
57	7	32787	0	1042	2017-03-30 16:42:47	40057	1490863367373	723
136	7	32787	0	17660	2017-03-30 16:42:47	40136	1490863367406	724
77	7	32787	0	5931	2017-03-30 16:42:47	40077	1490863367439	725
52	7	32787	0	3874	2017-03-30 16:42:47	40052	1490863367473	726
71	7	32787	0	35988	2017-03-30 16:42:47	40071	1490863367508	727
63	7	32787	0	11673	2017-03-30 16:42:47	40063	1490863367540	728
126	7	32787	0	15047	2017-03-30 16:42:47	40126	1490863367573	729
123	7	32787	0	15676	2017-03-30 16:42:47	40123	1490863367606	730
132	7	32787	0	17714	2017-03-30 16:42:47	40132	1490863367640	731
129	7	32787	0	11107	2017-03-30 16:42:47	40129	1490863367673	732
138	7	32787	0	15001	2017-03-30 16:42:47	40138	1490863367707	733
48	7	32787	0	4798	2017-03-30 16:42:47	40048	1490863367740	734
42	7	32787	0	3626	2017-03-30 16:42:47	40042	1490863367773	735
66	7	32787	0	6069	2017-03-30 16:42:47	40066	1490863367815	736
133	7	32787	0	9064	2017-03-30 16:42:47	40133	1490863367849	737
80	7	32787	0	14928	2017-03-30 16:42:47	40080	1490863367882	738
68	7	32787	0	13208	2017-03-30 16:42:47	40068	1490863367915	739
40	7	32787	0	21862	2017-03-30 16:42:47	40040	1490863367949	740
50	7	32787	0	11070	2017-03-30 16:42:47	40050	1490863367982	741
72	7	32787	0	14685	2017-03-30 16:42:48	40072	1490863368032	742
81	7	32787	0	12956	2017-03-30 16:42:48	40081	1490863368065	743
131	7	32787	0	15691	2017-03-30 16:42:48	40131	1490863368099	744
65	7	32787	0	2589	2017-03-30 16:42:48	40065	1490863368132	745
78	7	32787	0	16514	2017-03-30 16:42:48	40078	1490863368166	746
75	7	32787	0	757	2017-03-30 16:42:48	40075	1490863368199	747
69	7	32787	0	1442	2017-03-30 16:42:48	40069	1490863368232	748
119	7	32787	0	8624	2017-03-30 16:42:48	40119	1490863368266	749
44	7	32787	0	919	2017-03-30 16:42:48	40044	1490863368299	750
124	7	32787	0	18141	2017-03-30 16:42:48	40124	1490863368332	751
120	7	32787	0	16956	2017-03-30 16:42:48	40120	1490863368366	752
19	8	28691	0	24831	2017-03-30 16:43:43	40019	1490863423588	753
3	8	28691	0	6377	2017-03-30 16:43:43	40003	1490863423664	754
17	8	28691	0	1299	2017-03-30 16:43:43	40017	1490863423732	755
1	8	28693	0	49631	2017-03-30 16:43:43	40001	1490863423767	756
21	8	28691	0	4908	2017-03-30 16:43:43	40021	1490863423808	757
12	8	28691	0	6003	2017-03-30 16:43:43	40012	1490863423841	758
2	8	28691	0	24089	2017-03-30 16:43:43	40002	1490863423908	759
4	8	28692	0	667	2017-03-30 16:43:43	40004	1490863423941	760
13	8	28692	0	3192	2017-03-30 16:43:43	40013	1490863423974	761
8	8	28691	0	6332	2017-03-30 16:43:44	40008	1490863424008	762
10	8	28691	0	16042	2017-03-30 16:43:44	40010	1490863424041	763
11	8	28691	0	935	2017-03-30 16:43:44	40011	1490863424075	764
20	8	28691	0	26035	2017-03-30 16:43:44	40020	1490863424108	765
22	8	28691	0	22741	2017-03-30 16:43:44	40022	1490863424141	766
7	8	28691	0	19524	2017-03-30 16:43:44	40007	1490863424175	767
14	8	28693	0	5961	2017-03-30 16:43:44	40014	1490863424208	768
6	8	28691	0	25177	2017-03-30 16:43:44	40006	1490863424242	769
15	8	28691	0	26112	2017-03-30 16:43:44	40015	1490863424275	770
18	8	28691	0	19085	2017-03-30 16:43:44	40018	1490863424308	771
41	8	28691	0	22203	2017-03-30 16:43:45	40041	1490863425283	772
28	8	28691	0	20684	2017-03-30 16:43:45	40028	1490863425399	773
27	8	28691	0	918	2017-03-30 16:43:45	40027	1490863425462	774
26	8	28691	0	22410	2017-03-30 16:43:45	40026	1490863425502	775
38	8	28691	0	22399	2017-03-30 16:43:45	40038	1490863425546	776
43	8	28691	0	3836	2017-03-30 16:43:45	40043	1490863425593	777
34	8	28691	0	17010	2017-03-30 16:43:45	40034	1490863425635	778
25	8	28691	0	1231	2017-03-30 16:43:45	40025	1490863425676	779
37	8	28691	0	16839	2017-03-30 16:43:45	40037	1490863425717	780
32	8	28691	0	26865	2017-03-30 16:43:45	40032	1490863425759	781
24	8	28691	0	14021	2017-03-30 16:43:45	40024	1490863425801	782
35	8	28691	0	3119	2017-03-30 16:43:45	40035	1490863425842	783
31	8	28691	0	3467	2017-03-30 16:43:45	40031	1490863425884	784
39	8	28691	0	23929	2017-03-30 16:43:45	40039	1490863425926	785
36	8	28691	0	18687	2017-03-30 16:43:45	40036	1490863425968	786
30	8	28691	0	787	2017-03-30 16:43:46	40030	1490863426009	787
47	8	28691	0	13816	2017-03-30 16:43:46	40047	1490863426051	788
33	8	28691	0	17530	2017-03-30 16:43:46	40033	1490863426093	789
55	8	28691	0	23736	2017-03-30 16:43:46	40055	1490863426164	790
116	8	28691	0	11820	2017-03-30 16:43:46	40116	1490863426310	791
79	8	28691	0	22322	2017-03-30 16:43:46	40079	1490863426382	792
115	8	28691	0	19255	2017-03-30 16:43:46	40115	1490863426443	793
135	8	28691	0	17568	2017-03-30 16:43:46	40135	1490863426485	794
137	8	28691	0	9084	2017-03-30 16:43:46	40137	1490863426518	795
127	8	28691	0	17276	2017-03-30 16:43:46	40127	1490863426560	796
85	8	28691	0	11903	2017-03-30 16:43:46	40085	1490863426639	797
70	8	28691	0	8371	2017-03-30 16:43:46	40070	1490863426668	798
71	8	28691	0	41598	2017-03-30 16:43:46	40071	1490863426702	799
80	8	28691	0	15859	2017-03-30 16:43:46	40080	1490863426735	800
69	8	28691	0	1442	2017-03-30 16:43:46	40069	1490863426769	801
46	8	28691	0	3807	2017-03-30 16:43:46	40046	1490863426802	802
48	8	28691	0	4798	2017-03-30 16:43:46	40048	1490863426835	803
130	8	28691	0	8842	2017-03-30 16:43:46	40130	1490863426869	804
122	8	28691	0	9986	2017-03-30 16:43:46	40122	1490863426902	805
119	8	28691	0	9750	2017-03-30 16:43:46	40119	1490863426936	806
129	8	28691	0	12310	2017-03-30 16:43:46	40129	1490863426969	807
57	8	28691	0	1042	2017-03-30 16:43:47	40057	1490863427002	808
42	8	28691	0	3626	2017-03-30 16:43:47	40042	1490863427036	809
78	8	28691	0	17798	2017-03-30 16:43:47	40078	1490863427069	810
72	8	28691	0	15659	2017-03-30 16:43:47	40072	1490863427103	811
128	8	28691	0	8248	2017-03-30 16:43:47	40128	1490863427136	812
126	8	28691	0	16947	2017-03-30 16:43:47	40126	1490863427169	813
68	8	28691	0	14220	2017-03-30 16:43:47	40068	1490863427203	814
44	8	28691	0	919	2017-03-30 16:43:47	40044	1490863427236	815
134	8	28691	0	8491	2017-03-30 16:43:47	40134	1490863427269	816
51	8	28691	0	20459	2017-03-30 16:43:47	40051	1490863427303	817
120	8	28691	0	18755	2017-03-30 16:43:47	40120	1490863427336	818
136	8	28691	0	19855	2017-03-30 16:43:47	40136	1490863427370	819
40	8	28691	0	23757	2017-03-30 16:43:47	40040	1490863427411	820
65	8	28691	0	2589	2017-03-30 16:43:47	40065	1490863427445	821
64	8	28691	0	15844	2017-03-30 16:43:47	40064	1490863427478	822
124	8	28691	0	20449	2017-03-30 16:43:47	40124	1490863427511	823
138	8	28691	0	16759	2017-03-30 16:43:47	40138	1490863427545	824
66	8	28691	0	6812	2017-03-30 16:43:47	40066	1490863427578	825
131	8	28691	0	17645	2017-03-30 16:43:47	40131	1490863427628	826
67	8	28691	0	4973	2017-03-30 16:43:47	40067	1490863427662	827
63	8	28691	0	12429	2017-03-30 16:43:47	40063	1490863427695	828
133	8	28691	0	10080	2017-03-30 16:43:47	40133	1490863427729	829
132	8	28691	0	19995	2017-03-30 16:43:47	40132	1490863427762	830
121	8	28691	0	18116	2017-03-30 16:43:47	40121	1490863427795	831
84	8	28691	0	9325	2017-03-30 16:43:47	40084	1490863427829	832
74	8	28691	0	8247	2017-03-30 16:43:47	40074	1490863427862	833
73	8	28691	0	12301	2017-03-30 16:43:47	40073	1490863427895	834
118	8	28691	0	19996	2017-03-30 16:43:47	40118	1490863427929	835
83	8	28691	0	7351	2017-03-30 16:43:47	40083	1490863427962	836
77	8	28691	0	6771	2017-03-30 16:43:47	40077	1490863427997	837
117	8	28691	0	8311	2017-03-30 16:43:48	40117	1490863428029	838
50	8	28692	0	11807	2017-03-30 16:43:48	40050	1490863428063	839
75	8	28691	0	757	2017-03-30 16:43:48	40075	1490863428096	840
81	8	28691	0	13914	2017-03-30 16:43:48	40081	1490863428129	841
139	8	28691	0	17743	2017-03-30 16:43:48	40139	1490863428163	842
76	8	28691	0	3737	2017-03-30 16:43:48	40076	1490863428196	843
59	8	28691	0	19739	2017-03-30 16:43:48	40059	1490863428229	844
123	8	28691	0	17395	2017-03-30 16:43:48	40123	1490863428263	845
52	8	28691	0	3874	2017-03-30 16:43:48	40052	1490863428296	846
19	9	24595	0	26750	2017-03-30 16:44:43	40019	1490863483588	847
3	9	24595	0	6377	2017-03-30 16:44:43	40003	1490863483660	848
1	9	24597	0	55271	2017-03-30 16:44:43	40001	1490863483729	849
17	9	24595	0	1299	2017-03-30 16:44:43	40017	1490863483763	850
21	9	24595	0	4908	2017-03-30 16:44:43	40021	1490863483796	851
12	9	24595	0	6003	2017-03-30 16:44:43	40012	1490863483830	852
2	9	24595	0	26128	2017-03-30 16:44:43	40002	1490863483863	853
10	9	24595	0	17093	2017-03-30 16:44:43	40010	1490863483896	854
8	9	24595	0	6332	2017-03-30 16:44:43	40008	1490863483963	855
20	9	24595	0	28096	2017-03-30 16:44:43	40020	1490863483997	856
13	9	24596	0	3192	2017-03-30 16:44:44	40013	1490863484030	857
14	9	24596	0	5961	2017-03-30 16:44:44	40014	1490863484063	858
15	9	24595	0	28338	2017-03-30 16:44:44	40015	1490863484097	859
11	9	24595	0	935	2017-03-30 16:44:44	40011	1490863484130	860
22	9	24595	0	24528	2017-03-30 16:44:44	40022	1490863484163	861
6	9	24595	0	27245	2017-03-30 16:44:44	40006	1490863484197	862
4	9	24596	0	667	2017-03-30 16:44:44	40004	1490863484239	863
18	9	24595	0	20498	2017-03-30 16:44:44	40018	1490863484280	864
7	9	24595	0	20587	2017-03-30 16:44:44	40007	1490863484322	865
41	9	24595	0	23127	2017-03-30 16:44:45	40041	1490863485267	866
28	9	24595	0	21646	2017-03-30 16:44:45	40028	1490863485406	867
27	9	24595	0	918	2017-03-30 16:44:45	40027	1490863485460	868
26	9	24595	0	24159	2017-03-30 16:44:45	40026	1490863485516	869
38	9	24595	0	23933	2017-03-30 16:44:45	40038	1490863485556	870
43	9	24595	0	3836	2017-03-30 16:44:45	40043	1490863485597	871
30	9	24595	0	787	2017-03-30 16:44:45	40030	1490863485639	872
31	9	24595	0	3467	2017-03-30 16:44:45	40031	1490863485681	873
36	9	24595	0	19655	2017-03-30 16:44:45	40036	1490863485723	874
25	9	24595	0	1231	2017-03-30 16:44:45	40025	1490863485781	875
35	9	24595	0	3119	2017-03-30 16:44:45	40035	1490863485823	876
37	9	24595	0	17796	2017-03-30 16:44:45	40037	1490863485864	877
47	9	24595	0	14822	2017-03-30 16:44:45	40047	1490863485906	878
32	9	24595	0	28992	2017-03-30 16:44:45	40032	1490863485956	879
34	9	24595	0	18417	2017-03-30 16:44:45	40034	1490863485998	880
39	9	24595	0	25615	2017-03-30 16:44:46	40039	1490863486031	881
33	9	24595	0	18565	2017-03-30 16:44:46	40033	1490863486065	882
24	9	24595	0	14890	2017-03-30 16:44:46	40024	1490863486098	883
55	9	24595	0	25426	2017-03-30 16:44:46	40055	1490863486161	884
116	9	24595	0	13114	2017-03-30 16:44:46	40116	1490863486305	885
79	9	24595	0	24332	2017-03-30 16:44:46	40079	1490863486383	886
115	9	24595	0	21473	2017-03-30 16:44:46	40115	1490863486415	887
135	9	24595	0	19543	2017-03-30 16:44:46	40135	1490863486448	888
127	9	24595	0	18927	2017-03-30 16:44:46	40127	1490863486482	889
137	9	24595	0	10181	2017-03-30 16:44:46	40137	1490863486515	890
85	9	24595	0	12775	2017-03-30 16:44:46	40085	1490863486635	891
68	9	24595	0	15193	2017-03-30 16:44:46	40068	1490863486665	892
59	9	24595	0	21444	2017-03-30 16:44:46	40059	1490863486699	893
46	9	24595	0	3807	2017-03-30 16:44:46	40046	1490863486732	894
69	9	24595	0	1442	2017-03-30 16:44:46	40069	1490863486766	895
67	9	24595	0	4973	2017-03-30 16:44:46	40067	1490863486799	896
80	9	24595	0	16911	2017-03-30 16:44:46	40080	1490863486832	897
130	9	24595	0	9830	2017-03-30 16:44:46	40130	1490863486866	898
65	9	24595	0	2589	2017-03-30 16:44:46	40065	1490863486899	899
76	9	24595	0	3737	2017-03-30 16:44:46	40076	1490863486932	900
63	9	24595	0	13217	2017-03-30 16:44:46	40063	1490863486966	901
48	9	24595	0	4798	2017-03-30 16:44:47	40048	1490863487008	902
51	9	24595	0	21625	2017-03-30 16:44:47	40051	1490863487041	903
138	9	24595	0	18520	2017-03-30 16:44:47	40138	1490863487075	904
131	9	24595	0	19423	2017-03-30 16:44:47	40131	1490863487108	905
129	9	24595	0	13908	2017-03-30 16:44:47	40129	1490863487141	906
52	9	24595	0	3874	2017-03-30 16:44:47	40052	1490863487175	907
75	9	24595	0	757	2017-03-30 16:44:47	40075	1490863487225	908
40	9	24595	0	25736	2017-03-30 16:44:47	40040	1490863487258	909
139	9	24595	0	19474	2017-03-30 16:44:47	40139	1490863487291	910
77	9	24595	0	7495	2017-03-30 16:44:47	40077	1490863487325	911
73	9	24595	0	13256	2017-03-30 16:44:47	40073	1490863487358	912
119	9	24595	0	11020	2017-03-30 16:44:47	40119	1490863487392	913
122	9	24595	0	11135	2017-03-30 16:44:47	40122	1490863487425	914
72	9	24595	0	16687	2017-03-30 16:44:47	40072	1490863487458	915
81	9	24595	0	15076	2017-03-30 16:44:47	40081	1490863487493	916
44	9	24595	0	919	2017-03-30 16:44:47	40044	1490863487525	917
118	9	24595	0	22209	2017-03-30 16:44:47	40118	1490863487559	918
134	9	24596	0	9275	2017-03-30 16:44:47	40134	1490863487592	919
126	9	24595	0	18855	2017-03-30 16:44:47	40126	1490863487625	920
83	9	24595	0	8091	2017-03-30 16:44:47	40083	1490863487659	921
133	9	24595	0	11446	2017-03-30 16:44:47	40133	1490863487692	922
42	9	24595	0	3626	2017-03-30 16:44:47	40042	1490863487725	923
124	9	24595	0	22674	2017-03-30 16:44:47	40124	1490863487759	924
57	9	24595	0	1042	2017-03-30 16:44:47	40057	1490863487792	925
121	9	24595	0	20277	2017-03-30 16:44:47	40121	1490863487826	926
70	9	24595	0	9324	2017-03-30 16:44:47	40070	1490863487859	927
123	9	24595	0	19238	2017-03-30 16:44:47	40123	1490863487892	928
74	9	24595	0	9150	2017-03-30 16:44:47	40074	1490863487926	929
71	9	24595	0	47292	2017-03-30 16:44:47	40071	1490863487959	930
64	9	24595	0	16848	2017-03-30 16:44:47	40064	1490863487993	931
50	9	24595	0	12571	2017-03-30 16:44:48	40050	1490863488026	932
84	9	24595	0	10457	2017-03-30 16:44:48	40084	1490863488059	933
128	9	24595	0	9193	2017-03-30 16:44:48	40128	1490863488093	934
117	9	24595	0	9469	2017-03-30 16:44:48	40117	1490863488126	935
78	9	24595	0	19508	2017-03-30 16:44:48	40078	1490863488159	936
132	9	24595	0	22210	2017-03-30 16:44:48	40132	1490863488193	937
136	9	24595	0	22014	2017-03-30 16:44:48	40136	1490863488226	938
120	9	24595	0	20883	2017-03-30 16:44:48	40120	1490863488285	939
66	9	24595	0	7552	2017-03-30 16:44:48	40066	1490863488318	940
19	10	20499	0	28777	2017-03-30 16:45:43	40019	1490863543589	941
3	10	20499	0	6377	2017-03-30 16:45:43	40003	1490863543687	942
17	10	20499	0	1299	2017-03-30 16:45:43	40017	1490863543753	943
21	10	20499	0	4908	2017-03-30 16:45:43	40021	1490863543787	944
1	10	20501	0	60886	2017-03-30 16:45:43	40001	1490863543820	945
2	10	20499	0	28104	2017-03-30 16:45:43	40002	1490863543853	946
10	10	20499	0	18069	2017-03-30 16:45:43	40010	1490863543887	947
11	10	20499	0	935	2017-03-30 16:45:43	40011	1490863543920	948
8	10	20499	0	6332	2017-03-30 16:45:43	40008	1490863543954	949
22	10	20499	0	26423	2017-03-30 16:45:43	40022	1490863543987	950
13	10	20500	0	3192	2017-03-30 16:45:44	40013	1490863544020	951
14	10	20500	0	5961	2017-03-30 16:45:44	40014	1490863544054	952
12	10	20500	0	6003	2017-03-30 16:45:44	40012	1490863544095	953
6	10	20499	0	29380	2017-03-30 16:45:44	40006	1490863544129	954
4	10	20500	0	667	2017-03-30 16:45:44	40004	1490863544162	955
20	10	20499	0	30173	2017-03-30 16:45:44	40020	1490863544196	956
15	10	20499	0	30477	2017-03-30 16:45:44	40015	1490863544229	957
7	10	20499	0	21620	2017-03-30 16:45:44	40007	1490863544279	958
18	10	20499	0	21408	2017-03-30 16:45:44	40018	1490863544313	959
41	10	20499	0	24215	2017-03-30 16:45:45	40041	1490863545269	960
28	10	20499	0	22733	2017-03-30 16:45:45	40028	1490863545398	961
27	10	20499	0	918	2017-03-30 16:45:45	40027	1490863545458	962
26	10	20499	0	25938	2017-03-30 16:45:45	40026	1490863545514	963
38	10	20499	0	25812	2017-03-30 16:45:45	40038	1490863545563	964
43	10	20499	0	3836	2017-03-30 16:45:45	40043	1490863545596	965
34	10	20499	0	20012	2017-03-30 16:45:45	40034	1490863545630	966
25	10	20499	0	1231	2017-03-30 16:45:45	40025	1490863545663	967
37	10	20499	0	19235	2017-03-30 16:45:45	40037	1490863545696	968
47	10	20499	0	15864	2017-03-30 16:45:45	40047	1490863545730	969
24	10	20499	0	16130	2017-03-30 16:45:45	40024	1490863545763	970
32	10	20499	0	31102	2017-03-30 16:45:45	40032	1490863545799	971
30	10	20499	0	787	2017-03-30 16:45:45	40030	1490863545830	972
39	10	20499	0	27383	2017-03-30 16:45:45	40039	1490863545863	973
35	10	20499	0	3119	2017-03-30 16:45:45	40035	1490863545897	974
31	10	20499	0	3467	2017-03-30 16:45:45	40031	1490863545930	975
33	10	20499	0	19617	2017-03-30 16:45:45	40033	1490863545963	976
36	10	20499	0	20752	2017-03-30 16:45:45	40036	1490863545997	977
55	10	20499	0	27168	2017-03-30 16:45:46	40055	1490863546159	978
116	10	20499	0	14247	2017-03-30 16:45:46	40116	1490863546301	979
79	10	20499	0	26309	2017-03-30 16:45:46	40079	1490863546368	980
135	10	20499	0	21480	2017-03-30 16:45:46	40135	1490863546400	981
115	10	20499	0	23465	2017-03-30 16:45:46	40115	1490863546430	982
127	10	20499	0	20439	2017-03-30 16:45:46	40127	1490863546479	983
137	10	20499	0	11341	2017-03-30 16:45:46	40137	1490863546514	984
85	10	20499	0	13680	2017-03-30 16:45:46	40085	1490863546631	985
68	10	20499	0	16244	2017-03-30 16:45:46	40068	1490863546673	986
70	10	20499	0	10279	2017-03-30 16:45:46	40070	1490863546706	987
78	10	20499	0	20551	2017-03-30 16:45:46	40078	1490863546739	988
71	10	20499	0	52911	2017-03-30 16:45:46	40071	1490863546773	989
75	10	20499	0	757	2017-03-30 16:45:46	40075	1490863546823	990
48	10	20499	0	4798	2017-03-30 16:45:46	40048	1490863546856	991
122	10	20499	0	11909	2017-03-30 16:45:46	40122	1490863546890	992
64	10	20499	0	17854	2017-03-30 16:45:46	40064	1490863546923	993
52	10	20499	0	3874	2017-03-30 16:45:46	40052	1490863546956	994
50	10	20499	0	13279	2017-03-30 16:45:46	40050	1490863546990	995
138	10	20499	0	20229	2017-03-30 16:45:47	40138	1490863547023	996
72	10	20499	0	17637	2017-03-30 16:45:47	40072	1490863547056	997
74	10	20499	0	10040	2017-03-30 16:45:47	40074	1490863547090	998
42	10	20499	0	3626	2017-03-30 16:45:47	40042	1490863547123	999
126	10	20499	0	20670	2017-03-30 16:45:47	40126	1490863547157	1000
133	10	20499	0	12976	2017-03-30 16:45:47	40133	1490863547190	1001
119	10	20499	0	12249	2017-03-30 16:45:47	40119	1490863547223	1002
131	10	20499	0	21335	2017-03-30 16:45:47	40131	1490863547257	1003
124	10	20499	0	24904	2017-03-30 16:45:47	40124	1490863547290	1004
130	10	20499	0	10736	2017-03-30 16:45:47	40130	1490863547324	1005
123	10	20499	0	21075	2017-03-30 16:45:47	40123	1490863547357	1006
51	10	20499	0	22718	2017-03-30 16:45:47	40051	1490863547390	1007
136	10	20499	0	24124	2017-03-30 16:45:47	40136	1490863547424	1008
57	10	20499	0	1042	2017-03-30 16:45:47	40057	1490863547457	1009
134	10	20499	0	10001	2017-03-30 16:45:47	40134	1490863547490	1010
69	10	20499	0	1442	2017-03-30 16:45:47	40069	1490863547524	1011
83	10	20499	0	8900	2017-03-30 16:45:47	40083	1490863547557	1012
120	10	20499	0	22833	2017-03-30 16:45:47	40120	1490863547591	1013
67	10	20499	0	4973	2017-03-30 16:45:47	40067	1490863547624	1014
80	10	20499	0	18091	2017-03-30 16:45:47	40080	1490863547657	1015
40	10	20499	0	27698	2017-03-30 16:45:47	40040	1490863547691	1016
77	10	20499	0	8204	2017-03-30 16:45:47	40077	1490863547724	1017
63	10	20499	0	13986	2017-03-30 16:45:47	40063	1490863547758	1018
59	10	20499	0	23185	2017-03-30 16:45:47	40059	1490863547791	1019
76	10	20499	0	3737	2017-03-30 16:45:47	40076	1490863547824	1020
117	10	20499	0	10177	2017-03-30 16:45:47	40117	1490863547858	1021
129	10	20499	0	15377	2017-03-30 16:45:47	40129	1490863547908	1022
73	10	20499	0	14197	2017-03-30 16:45:47	40073	1490863547943	1023
84	10	20499	0	11527	2017-03-30 16:45:47	40084	1490863547975	1024
118	10	20499	0	24341	2017-03-30 16:45:48	40118	1490863548008	1025
128	10	20499	0	10107	2017-03-30 16:45:48	40128	1490863548041	1026
46	10	20499	0	3807	2017-03-30 16:45:48	40046	1490863548083	1027
132	10	20499	0	24342	2017-03-30 16:45:48	40132	1490863548117	1028
81	10	20499	0	16069	2017-03-30 16:45:48	40081	1490863548150	1029
139	10	20499	0	21151	2017-03-30 16:45:48	40139	1490863548183	1030
121	10	20499	0	22253	2017-03-30 16:45:48	40121	1490863548217	1031
44	10	20499	0	919	2017-03-30 16:45:48	40044	1490863548250	1032
65	10	20499	0	2589	2017-03-30 16:45:48	40065	1490863548283	1033
66	10	20499	0	8308	2017-03-30 16:45:48	40066	1490863548317	1034
19	11	16403	0	30905	2017-03-30 16:46:43	40019	1490863603585	1035
3	11	16403	0	6377	2017-03-30 16:46:43	40003	1490863603667	1036
17	11	16403	0	1299	2017-03-30 16:46:43	40017	1490863603742	1037
1	11	16405	1	950	2017-03-30 16:46:43	40001	1490863603775	1038
12	11	16403	0	6003	2017-03-30 16:46:43	40012	1490863603809	1039
21	11	16403	0	4908	2017-03-30 16:46:43	40021	1490863603842	1040
4	11	16403	0	667	2017-03-30 16:46:43	40004	1490863603892	1041
11	11	16405	0	935	2017-03-30 16:46:43	40011	1490863603925	1042
10	11	16403	0	18978	2017-03-30 16:46:43	40010	1490863603959	1043
8	11	16403	0	6332	2017-03-30 16:46:43	40008	1490863603992	1044
22	11	16403	0	28326	2017-03-30 16:46:44	40022	1490863604026	1045
20	11	16403	0	32385	2017-03-30 16:46:44	40020	1490863604059	1046
18	11	16403	0	22811	2017-03-30 16:46:44	40018	1490863604092	1047
2	11	16403	0	30105	2017-03-30 16:46:44	40002	1490863604126	1048
7	11	16403	0	22636	2017-03-30 16:46:44	40007	1490863604159	1049
14	11	16404	0	5961	2017-03-30 16:46:44	40014	1490863604193	1050
13	11	16404	0	3192	2017-03-30 16:46:44	40013	1490863604226	1051
6	11	16403	0	31517	2017-03-30 16:46:44	40006	1490863604259	1052
15	11	16403	0	32665	2017-03-30 16:46:44	40015	1490863604293	1053
41	11	16403	0	26122	2017-03-30 16:46:45	40041	1490863605270	1054
28	11	16403	0	23817	2017-03-30 16:46:45	40028	1490863605390	1055
27	11	16403	0	918	2017-03-30 16:46:45	40027	1490863605456	1056
26	11	16403	0	27685	2017-03-30 16:46:45	40026	1490863605512	1057
38	11	16403	0	27755	2017-03-30 16:46:45	40038	1490863605543	1058
43	11	16403	0	3836	2017-03-30 16:46:45	40043	1490863605588	1059
37	11	16403	0	20592	2017-03-30 16:46:45	40037	1490863605618	1060
24	11	16403	0	16893	2017-03-30 16:46:45	40024	1490863605652	1061
36	11	16403	0	22238	2017-03-30 16:46:45	40036	1490863605685	1062
47	11	16403	0	16589	2017-03-30 16:46:45	40047	1490863605718	1063
25	11	16403	0	1231	2017-03-30 16:46:45	40025	1490863605752	1064
34	11	16403	0	21123	2017-03-30 16:46:45	40034	1490863605785	1065
33	11	16403	0	20637	2017-03-30 16:46:45	40033	1490863605818	1066
32	11	16403	0	33119	2017-03-30 16:46:45	40032	1490863605852	1067
39	11	16403	0	29197	2017-03-30 16:46:45	40039	1490863605885	1068
31	11	16403	0	3467	2017-03-30 16:46:45	40031	1490863605919	1069
35	11	16403	0	3119	2017-03-30 16:46:45	40035	1490863605952	1070
30	11	16403	0	787	2017-03-30 16:46:45	40030	1490863605985	1071
55	11	16403	0	28718	2017-03-30 16:46:46	40055	1490863606156	1072
116	11	16403	0	15367	2017-03-30 16:46:46	40116	1490863606297	1073
79	11	16403	0	28267	2017-03-30 16:46:46	40079	1490863606369	1074
135	11	16403	0	23500	2017-03-30 16:46:46	40135	1490863606419	1075
115	11	16403	0	25702	2017-03-30 16:46:46	40115	1490863606452	1076
137	11	16403	0	12439	2017-03-30 16:46:46	40137	1490863606486	1077
127	11	16403	0	22458	2017-03-30 16:46:46	40127	1490863606519	1078
85	11	16403	0	14565	2017-03-30 16:46:46	40085	1490863606627	1079
71	11	16403	0	58473	2017-03-30 16:46:46	40071	1490863606661	1080
48	11	16403	0	4798	2017-03-30 16:46:46	40048	1490863606694	1081
50	11	16403	0	13987	2017-03-30 16:46:46	40050	1490863606728	1082
52	11	16403	0	3874	2017-03-30 16:46:46	40052	1490863606761	1083
80	11	16403	0	19255	2017-03-30 16:46:46	40080	1490863606795	1084
73	11	16403	0	15148	2017-03-30 16:46:46	40073	1490863606828	1085
70	11	16403	0	11194	2017-03-30 16:46:46	40070	1490863606861	1086
63	11	16403	0	14851	2017-03-30 16:46:46	40063	1490863606895	1087
72	11	16403	0	18598	2017-03-30 16:46:46	40072	1490863606928	1088
139	11	16403	0	23026	2017-03-30 16:46:46	40139	1490863606962	1089
57	11	16403	0	1042	2017-03-30 16:46:46	40057	1490863606995	1090
46	11	16403	0	3807	2017-03-30 16:46:47	40046	1490863607028	1091
126	11	16403	0	22657	2017-03-30 16:46:47	40126	1490863607062	1092
77	11	16403	0	8926	2017-03-30 16:46:47	40077	1490863607095	1093
118	11	16403	0	26598	2017-03-30 16:46:47	40118	1490863607129	1094
65	11	16403	0	2589	2017-03-30 16:46:47	40065	1490863607162	1095
124	11	16403	0	27166	2017-03-30 16:46:47	40124	1490863607195	1096
69	11	16403	0	1442	2017-03-30 16:46:47	40069	1490863607229	1097
132	11	16403	0	26561	2017-03-30 16:46:47	40132	1490863607262	1098
74	11	16403	0	11011	2017-03-30 16:46:47	40074	1490863607295	1099
44	11	16403	0	919	2017-03-30 16:46:47	40044	1490863607329	1100
117	11	16403	0	10900	2017-03-30 16:46:47	40117	1490863607362	1101
75	11	16403	0	757	2017-03-30 16:46:47	40075	1490863607397	1102
138	11	16403	0	21942	2017-03-30 16:46:47	40138	1490863607429	1103
84	11	16403	0	12531	2017-03-30 16:46:47	40084	1490863607479	1104
59	11	16403	0	24906	2017-03-30 16:46:47	40059	1490863607512	1105
64	11	16403	0	18915	2017-03-30 16:46:47	40064	1490863607546	1106
129	11	16403	0	17057	2017-03-30 16:46:47	40129	1490863607579	1107
131	11	16403	0	23078	2017-03-30 16:46:47	40131	1490863607613	1108
120	11	16403	0	24522	2017-03-30 16:46:47	40120	1490863607646	1109
51	11	16403	0	24111	2017-03-30 16:46:47	40051	1490863607688	1110
119	11	16403	0	13372	2017-03-30 16:46:47	40119	1490863607721	1111
42	11	16403	0	3626	2017-03-30 16:46:47	40042	1490863607755	1112
134	11	16403	0	10859	2017-03-30 16:46:47	40134	1490863607788	1113
133	11	16403	0	14477	2017-03-30 16:46:47	40133	1490863607821	1114
128	11	16403	0	11027	2017-03-30 16:46:47	40128	1490863607855	1115
66	11	16403	0	9016	2017-03-30 16:46:47	40066	1490863607888	1116
121	11	16403	0	24364	2017-03-30 16:46:47	40121	1490863607921	1117
123	11	16403	0	22932	2017-03-30 16:46:47	40123	1490863607955	1118
68	11	16403	0	17220	2017-03-30 16:46:47	40068	1490863607988	1119
122	11	16403	0	12728	2017-03-30 16:46:48	40122	1490863608022	1120
83	11	16403	0	9621	2017-03-30 16:46:48	40083	1490863608055	1121
76	11	16403	0	3737	2017-03-30 16:46:48	40076	1490863608088	1122
136	11	16403	0	26350	2017-03-30 16:46:48	40136	1490863608122	1123
78	11	16403	0	22018	2017-03-30 16:46:48	40078	1490863608155	1124
40	11	16403	0	29704	2017-03-30 16:46:48	40040	1490863608189	1125
130	11	16403	0	11651	2017-03-30 16:46:48	40130	1490863608222	1126
81	11	16403	0	17101	2017-03-30 16:46:48	40081	1490863608272	1127
67	11	16403	0	4973	2017-03-30 16:46:48	40067	1490863608305	1128
