nodeid	clock_time_h	clock_time_l	dc_time_h	dc_time_l	insert_time	motelabMoteID	milli_time	motelabSeqNo
21	0	61459	0	783	2017-03-30 17:04:03	40021	1490864643877	1
3	0	61459	0	3454	2017-03-30 17:04:03	40003	1490864643942	2
14	0	61459	0	2641	2017-03-30 17:04:03	40014	1490864643975	3
12	0	61459	0	3474	2017-03-30 17:04:04	40012	1490864644042	4
1	0	61461	0	3998	2017-03-30 17:04:04	40001	1490864644075	5
13	0	61459	0	2736	2017-03-30 17:04:04	40013	1490864644110	6
11	0	61459	0	2534	2017-03-30 17:04:04	40011	1490864644151	7
17	0	61459	0	1357	2017-03-30 17:04:04	40017	1490864644193	8
7	0	61459	0	3021	2017-03-30 17:04:04	40007	1490864644235	9
2	0	61459	0	3565	2017-03-30 17:04:04	40002	1490864644277	10
8	0	61459	0	3618	2017-03-30 17:04:04	40008	1490864644318	11
20	0	61459	0	3542	2017-03-30 17:04:04	40020	1490864644360	12
18	0	61459	0	2909	2017-03-30 17:04:04	40018	1490864644402	13
6	0	61459	0	3509	2017-03-30 17:04:04	40006	1490864644443	14
19	0	61459	0	3628	2017-03-30 17:04:04	40019	1490864644531	15
10	0	61459	0	2488	2017-03-30 17:04:04	40010	1490864644569	16
15	0	61459	0	3534	2017-03-30 17:04:04	40015	1490864644710	17
22	0	61459	0	3455	2017-03-30 17:04:04	40022	1490864644752	18
4	0	61459	0	3557	2017-03-30 17:04:04	40004	1490864644886	19
40	0	61459	0	3697	2017-03-30 17:04:05	40040	1490864645528	20
24	0	61459	0	2619	2017-03-30 17:04:05	40024	1490864645677	21
28	0	61459	0	3544	2017-03-30 17:04:05	40028	1490864645712	22
59	0	61459	0	3323	2017-03-30 17:04:05	40059	1490864645745	23
37	0	61459	0	3123	2017-03-30 17:04:05	40037	1490864645840	24
38	0	61460	0	3407	2017-03-30 17:04:05	40038	1490864645870	25
26	0	61461	0	3392	2017-03-30 17:04:05	40026	1490864645904	26
36	0	61460	0	704	2017-03-30 17:04:05	40036	1490864645945	27
25	0	61459	0	3866	2017-03-30 17:04:05	40025	1490864645979	28
30	0	61459	0	2593	2017-03-30 17:04:06	40030	1490864646012	29
32	0	61459	0	1918	2017-03-30 17:04:06	40032	1490864646046	30
39	0	61459	0	3490	2017-03-30 17:04:06	40039	1490864646079	31
34	0	61459	0	1027	2017-03-30 17:04:06	40034	1490864646162	32
33	0	61459	0	2642	2017-03-30 17:04:06	40033	1490864646196	33
31	0	61459	0	3370	2017-03-30 17:04:06	40031	1490864646263	34
35	0	61459	0	2899	2017-03-30 17:04:06	40035	1490864646296	35
27	0	61459	0	2827	2017-03-30 17:04:06	40027	1490864646430	36
43	0	61459	0	2864	2017-03-30 17:04:06	40043	1490864646513	37
77	0	61459	0	716	2017-03-30 17:04:06	40077	1490864646596	38
74	0	61459	0	877	2017-03-30 17:04:06	40074	1490864646680	39
42	0	61460	0	1339	2017-03-30 17:04:06	40042	1490864646772	40
123	0	61459	0	1981	2017-03-30 17:04:06	40123	1490864646829	41
122	0	61459	0	974	2017-03-30 17:04:06	40122	1490864646897	42
47	0	61459	0	2632	2017-03-30 17:04:06	40047	1490864646964	43
132	0	61459	0	2100	2017-03-30 17:04:06	40132	1490864646997	44
135	0	61459	0	1932	2017-03-30 17:04:07	40135	1490864647030	45
130	0	61459	0	765	2017-03-30 17:04:07	40130	1490864647097	46
121	0	61459	0	1891	2017-03-30 17:04:07	40121	1490864647130	47
120	0	61459	0	2054	2017-03-30 17:04:07	40120	1490864647164	48
128	0	61459	0	719	2017-03-30 17:04:07	40128	1490864647206	49
115	0	61459	0	1851	2017-03-30 17:04:07	40115	1490864647272	50
134	0	61459	0	877	2017-03-30 17:04:07	40134	1490864647339	51
129	0	61459	0	1624	2017-03-30 17:04:07	40129	1490864647373	52
72	0	61459	0	2367	2017-03-30 17:04:07	40072	1490864647423	53
117	0	61459	0	854	2017-03-30 17:04:07	40117	1490864647456	54
124	0	61459	0	2276	2017-03-30 17:04:07	40124	1490864647489	55
64	0	61459	0	2437	2017-03-30 17:04:07	40064	1490864647523	56
83	0	61459	0	734	2017-03-30 17:04:07	40083	1490864647556	57
55	0	61459	0	3181	2017-03-30 17:04:07	40055	1490864647590	58
63	0	61459	0	790	2017-03-30 17:04:07	40063	1490864647623	59
65	0	61459	0	4569	2017-03-30 17:04:07	40065	1490864647656	60
80	0	61459	0	2934	2017-03-30 17:04:07	40080	1490864647690	61
75	0	61459	0	2754	2017-03-30 17:04:07	40075	1490864647723	62
67	0	61459	0	4142	2017-03-30 17:04:07	40067	1490864647757	63
84	0	61459	0	836	2017-03-30 17:04:07	40084	1490864647790	64
41	0	61460	0	929	2017-03-30 17:04:07	40041	1490864647823	65
119	0	61459	0	846	2017-03-30 17:04:07	40119	1490864647857	66
73	0	61459	0	809	2017-03-30 17:04:07	40073	1490864647890	67
139	0	61459	0	1884	2017-03-30 17:04:07	40139	1490864647957	68
48	0	61459	0	3032	2017-03-30 17:04:07	40048	1490864647990	69
133	0	61459	0	1543	2017-03-30 17:04:08	40133	1490864648057	70
70	0	61459	0	721	2017-03-30 17:04:08	40070	1490864648090	71
71	0	61459	0	460	2017-03-30 17:04:08	40071	1490864648124	72
79	0	61459	0	3620	2017-03-30 17:04:08	40079	1490864648157	73
136	0	61459	0	2140	2017-03-30 17:04:08	40136	1490864648191	74
118	0	61459	0	2223	2017-03-30 17:04:08	40118	1490864648258	75
137	0	61459	0	941	2017-03-30 17:04:08	40137	1490864648316	76
78	0	61459	0	3084	2017-03-30 17:04:08	40078	1490864648383	77
66	0	61459	0	702	2017-03-30 17:04:08	40066	1490864648449	78
69	0	61459	0	1836	2017-03-30 17:04:08	40069	1490864648499	79
116	0	61459	0	1094	2017-03-30 17:04:08	40116	1490864648566	80
126	0	61459	0	2071	2017-03-30 17:04:08	40126	1490864648600	81
138	0	61459	0	1625	2017-03-30 17:04:08	40138	1490864648633	82
68	0	61459	0	2434	2017-03-30 17:04:08	40068	1490864648675	83
81	0	61459	0	1154	2017-03-30 17:04:08	40081	1490864648708	84
50	0	61459	0	2476	2017-03-30 17:04:08	40050	1490864648741	85
46	0	61459	0	3699	2017-03-30 17:04:08	40046	1490864648808	86
85	0	61459	0	761	2017-03-30 17:04:08	40085	1490864648842	87
51	0	61459	0	3309	2017-03-30 17:04:08	40051	1490864648875	88
76	0	61459	0	2966	2017-03-30 17:04:08	40076	1490864648908	89
127	0	61459	0	1803	2017-03-30 17:04:08	40127	1490864648942	90
57	0	61461	0	2887	2017-03-30 17:04:09	40057	1490864649209	91
131	0	61459	0	1972	2017-03-30 17:04:09	40131	1490864649242	92
44	0	61459	0	3093	2017-03-30 17:04:09	40044	1490864649342	93
52	0	61461	0	3680	2017-03-30 17:04:09	40052	1490864649376	94
21	1	57363	0	783	2017-03-30 17:05:03	40021	1490864703877	95
14	1	57363	0	8850	2017-03-30 17:05:03	40014	1490864703973	96
12	1	57363	0	5382	2017-03-30 17:05:04	40012	1490864704056	97
3	1	57363	0	3533	2017-03-30 17:05:04	40003	1490864704098	98
20	1	57363	0	10747	2017-03-30 17:05:04	40020	1490864704140	99
11	1	57363	0	8581	2017-03-30 17:05:04	40011	1490864704181	100
22	1	57363	0	5280	2017-03-30 17:05:04	40022	1490864704223	101
2	1	57363	0	5418	2017-03-30 17:05:04	40002	1490864704282	102
6	1	57363	0	10742	2017-03-30 17:05:04	40006	1490864704323	103
8	1	57363	0	10560	2017-03-30 17:05:04	40008	1490864704365	104
19	1	57363	0	10411	2017-03-30 17:05:04	40019	1490864704457	105
15	1	57363	0	10609	2017-03-30 17:05:04	40015	1490864704499	106
1	1	57365	0	10758	2017-03-30 17:05:04	40001	1490864704540	107
17	1	57363	0	1357	2017-03-30 17:05:04	40017	1490864704617	108
4	1	57363	0	9406	2017-03-30 17:05:04	40004	1490864704717	109
10	1	57363	0	4414	2017-03-30 17:05:04	40010	1490864704784	110
7	1	57364	0	3051	2017-03-30 17:05:04	40007	1490864704984	111
13	1	57363	0	9297	2017-03-30 17:05:05	40013	1490864705084	112
18	1	57364	0	9574	2017-03-30 17:05:05	40018	1490864705117	113
40	1	57363	0	10474	2017-03-30 17:05:05	40040	1490864705518	114
24	1	57363	0	9221	2017-03-30 17:05:05	40024	1490864705685	115
28	1	57363	0	3576	2017-03-30 17:05:05	40028	1490864705735	116
59	1	57363	0	9858	2017-03-30 17:05:05	40059	1490864705768	117
37	1	57363	0	9135	2017-03-30 17:05:05	40037	1490864705825	118
38	1	57363	0	10033	2017-03-30 17:05:05	40038	1490864705860	119
35	1	57363	0	2899	2017-03-30 17:05:05	40035	1490864705894	120
39	1	57363	0	8359	2017-03-30 17:05:05	40039	1490864705927	121
32	1	57363	0	5633	2017-03-30 17:05:05	40032	1490864705960	122
31	1	57363	0	9960	2017-03-30 17:05:05	40031	1490864705994	123
36	1	57364	0	704	2017-03-30 17:05:06	40036	1490864706027	124
27	1	57363	0	9066	2017-03-30 17:05:06	40027	1490864706094	125
25	1	57363	0	9213	2017-03-30 17:05:06	40025	1490864706127	126
33	1	57363	0	9008	2017-03-30 17:05:06	40033	1490864706394	127
30	1	57364	0	8613	2017-03-30 17:05:06	40030	1490864706428	128
34	1	57363	0	4298	2017-03-30 17:05:06	40034	1490864706461	129
77	1	57363	0	1443	2017-03-30 17:05:06	40077	1490864706561	130
43	1	57363	0	8899	2017-03-30 17:05:06	40043	1490864706595	131
74	1	57363	0	1869	2017-03-30 17:05:06	40074	1490864706628	132
26	1	57363	0	9927	2017-03-30 17:05:06	40026	1490864706661	133
42	1	57364	0	1339	2017-03-30 17:05:06	40042	1490864706773	134
122	1	57363	0	2133	2017-03-30 17:05:06	40122	1490864706862	135
118	1	57363	0	4543	2017-03-30 17:05:06	40118	1490864706895	136
128	1	57363	0	1427	2017-03-30 17:05:06	40128	1490864706928	137
137	1	57363	0	1813	2017-03-30 17:05:06	40137	1490864706962	138
121	1	57363	0	4002	2017-03-30 17:05:07	40121	1490864707037	139
47	1	57363	0	2680	2017-03-30 17:05:07	40047	1490864707070	140
134	1	57363	0	1632	2017-03-30 17:05:07	40134	1490864707104	141
120	1	57363	0	4228	2017-03-30 17:05:07	40120	1490864707137	142
131	1	57363	0	3997	2017-03-30 17:05:07	40131	1490864707171	143
85	1	57363	0	1486	2017-03-30 17:05:07	40085	1490864707204	144
126	1	57363	0	3958	2017-03-30 17:05:07	40126	1490864707271	145
81	1	57363	0	2055	2017-03-30 17:05:07	40081	1490864707304	146
41	1	57364	0	929	2017-03-30 17:05:07	40041	1490864707338	147
84	1	57363	0	1759	2017-03-30 17:05:07	40084	1490864707371	148
124	1	57363	0	4583	2017-03-30 17:05:07	40124	1490864707404	149
132	1	57363	0	4290	2017-03-30 17:05:07	40132	1490864707438	150
130	1	57363	0	1528	2017-03-30 17:05:07	40130	1490864707505	151
69	1	57363	0	4014	2017-03-30 17:05:07	40069	1490864707571	152
65	1	57363	0	5313	2017-03-30 17:05:07	40065	1490864707605	153
123	1	57363	0	3891	2017-03-30 17:05:07	40123	1490864707638	154
115	1	57363	0	3934	2017-03-30 17:05:07	40115	1490864707705	155
139	1	57363	0	3767	2017-03-30 17:05:07	40139	1490864707738	156
129	1	57363	0	2544	2017-03-30 17:05:07	40129	1490864707772	157
133	1	57363	0	2381	2017-03-30 17:05:07	40133	1490864707805	158
83	1	57363	0	1477	2017-03-30 17:05:07	40083	1490864707838	159
117	1	57363	0	1683	2017-03-30 17:05:07	40117	1490864707872	160
116	1	57363	0	2046	2017-03-30 17:05:07	40116	1490864707905	161
135	1	57363	0	3906	2017-03-30 17:05:07	40135	1490864707972	162
80	1	57363	0	3971	2017-03-30 17:05:08	40080	1490864708006	163
70	1	57363	0	1477	2017-03-30 17:05:08	40070	1490864708039	164
64	1	57363	0	3145	2017-03-30 17:05:08	40064	1490864708089	165
127	1	57363	0	3895	2017-03-30 17:05:08	40127	1490864708122	166
44	1	57364	0	5181	2017-03-30 17:05:08	40044	1490864708155	167
78	1	57363	0	4315	2017-03-30 17:05:08	40078	1490864708189	168
119	1	57363	0	1708	2017-03-30 17:05:08	40119	1490864708222	169
76	1	57363	0	8841	2017-03-30 17:05:08	40076	1490864708297	170
138	1	57363	0	3509	2017-03-30 17:05:08	40138	1490864708331	171
55	1	57363	0	8759	2017-03-30 17:05:08	40055	1490864708364	172
68	1	57363	0	6500	2017-03-30 17:05:08	40068	1490864708398	173
136	1	57363	0	4403	2017-03-30 17:05:08	40136	1490864708439	174
75	1	57363	0	3696	2017-03-30 17:05:08	40075	1490864708481	175
73	1	57363	0	1816	2017-03-30 17:05:08	40073	1490864708565	176
52	1	57364	0	3680	2017-03-30 17:05:08	40052	1490864708606	177
63	1	57363	0	1776	2017-03-30 17:05:08	40063	1490864708648	178
57	1	57363	0	10893	2017-03-30 17:05:08	40057	1490864708690	179
72	1	57363	0	9553	2017-03-30 17:05:08	40072	1490864708731	180
67	1	57363	0	8253	2017-03-30 17:05:08	40067	1490864708773	181
46	1	57364	0	10473	2017-03-30 17:05:08	40046	1490864708815	182
48	1	57365	0	3032	2017-03-30 17:05:08	40048	1490864708856	183
51	1	57365	0	10199	2017-03-30 17:05:08	40051	1490864708898	184
50	1	57365	0	8185	2017-03-30 17:05:08	40050	1490864708940	185
79	1	57363	0	7310	2017-03-30 17:05:08	40079	1490864708982	186
66	1	57363	0	1454	2017-03-30 17:05:09	40066	1490864709023	187
71	1	57365	0	460	2017-03-30 17:05:09	40071	1490864709065	188
21	2	53267	0	783	2017-03-30 17:06:03	40021	1490864763874	189
14	2	53267	0	16253	2017-03-30 17:06:03	40014	1490864763988	190
3	2	53267	0	3533	2017-03-30 17:06:04	40003	1490864764071	191
13	2	53267	0	11261	2017-03-30 17:06:04	40013	1490864764104	192
11	2	53267	0	14977	2017-03-30 17:06:04	40011	1490864764138	193
20	2	53267	0	18271	2017-03-30 17:06:04	40020	1490864764171	194
4	2	53267	0	16403	2017-03-30 17:06:04	40004	1490864764204	195
6	2	53267	0	17744	2017-03-30 17:06:04	40006	1490864764238	196
17	2	53267	0	1357	2017-03-30 17:06:04	40017	1490864764271	197
10	2	53268	0	4414	2017-03-30 17:06:04	40010	1490864764305	198
22	2	53267	0	7093	2017-03-30 17:06:04	40022	1490864764338	199
8	2	53267	0	17403	2017-03-30 17:06:04	40008	1490864764371	200
18	2	53267	0	15319	2017-03-30 17:06:04	40018	1490864764405	201
2	2	53267	0	7255	2017-03-30 17:06:04	40002	1490864764590	202
15	2	53267	0	13060	2017-03-30 17:06:04	40015	1490864764621	203
19	2	53267	0	17403	2017-03-30 17:06:04	40019	1490864764655	204
12	2	53267	0	7176	2017-03-30 17:06:04	40012	1490864764688	205
7	2	53268	0	3051	2017-03-30 17:06:04	40007	1490864764922	206
1	2	53269	0	16426	2017-03-30 17:06:05	40001	1490864765022	207
40	2	53267	0	15734	2017-03-30 17:06:05	40040	1490864765532	208
24	2	53267	0	15626	2017-03-30 17:06:05	40024	1490864765683	209
28	2	53267	0	3576	2017-03-30 17:06:05	40028	1490864765716	210
59	2	53267	0	16434	2017-03-30 17:06:05	40059	1490864765749	211
37	2	53267	0	15360	2017-03-30 17:06:05	40037	1490864765826	212
38	2	53267	0	16738	2017-03-30 17:06:05	40038	1490864765858	213
34	2	53267	0	5489	2017-03-30 17:06:05	40034	1490864765891	214
36	2	53267	0	704	2017-03-30 17:06:05	40036	1490864765925	215
31	2	53267	0	16666	2017-03-30 17:06:05	40031	1490864765958	216
25	2	53267	0	12657	2017-03-30 17:06:05	40025	1490864765991	217
35	2	53268	0	2899	2017-03-30 17:06:06	40035	1490864766058	218
30	2	53267	0	14392	2017-03-30 17:06:06	40030	1490864766092	219
33	2	53267	0	14890	2017-03-30 17:06:06	40033	1490864766125	220
39	2	53267	0	14992	2017-03-30 17:06:06	40039	1490864766325	221
27	2	53267	0	11073	2017-03-30 17:06:06	40027	1490864766375	222
32	2	53267	0	7556	2017-03-30 17:06:06	40032	1490864766409	223
26	2	53267	0	16440	2017-03-30 17:06:06	40026	1490864766442	224
43	2	53267	0	14991	2017-03-30 17:06:06	40043	1490864766509	225
77	2	53267	0	2151	2017-03-30 17:06:06	40077	1490864766617	226
123	2	53267	0	5736	2017-03-30 17:06:06	40123	1490864766851	227
118	2	53267	0	6800	2017-03-30 17:06:06	40118	1490864766884	228
42	2	53268	0	1339	2017-03-30 17:06:06	40042	1490864766918	229
132	2	53267	0	6457	2017-03-30 17:06:06	40132	1490864766951	230
116	2	53267	0	3286	2017-03-30 17:06:06	40116	1490864766985	231
139	2	53267	0	5652	2017-03-30 17:06:07	40139	1490864767018	232
133	2	53267	0	3905	2017-03-30 17:06:07	40133	1490864767052	233
126	2	53267	0	5951	2017-03-30 17:06:07	40126	1490864767085	234
74	2	53267	0	2845	2017-03-30 17:06:07	40074	1490864767118	235
128	2	53267	0	2440	2017-03-30 17:06:07	40128	1490864767152	236
121	2	53267	0	5956	2017-03-30 17:06:07	40121	1490864767185	237
129	2	53267	0	4273	2017-03-30 17:06:07	40129	1490864767252	238
134	2	53267	0	2443	2017-03-30 17:06:07	40134	1490864767285	239
124	2	53267	0	6813	2017-03-30 17:06:07	40124	1490864767319	240
122	2	53267	0	3221	2017-03-30 17:06:07	40122	1490864767352	241
71	2	53268	0	460	2017-03-30 17:06:07	40071	1490864767410	242
72	2	53267	0	11900	2017-03-30 17:06:07	40072	1490864767444	243
79	2	53267	0	10764	2017-03-30 17:06:07	40079	1490864767477	244
83	2	53267	0	2200	2017-03-30 17:06:07	40083	1490864767511	245
84	2	53267	0	2640	2017-03-30 17:06:07	40084	1490864767544	246
75	2	53267	0	4746	2017-03-30 17:06:07	40075	1490864767577	247
73	2	53267	0	2877	2017-03-30 17:06:07	40073	1490864767611	248
70	2	53267	0	2204	2017-03-30 17:06:07	40070	1490864767669	249
135	2	53267	0	5828	2017-03-30 17:06:07	40135	1490864767711	250
78	2	53267	0	6009	2017-03-30 17:06:07	40078	1490864767753	251
127	2	53267	0	5855	2017-03-30 17:06:07	40127	1490864767794	252
68	2	53267	0	12599	2017-03-30 17:06:07	40068	1490864767928	253
119	2	53267	0	3036	2017-03-30 17:06:07	40119	1490864767970	254
85	2	53267	0	2212	2017-03-30 17:06:08	40085	1490864768011	255
130	2	53267	0	2346	2017-03-30 17:06:08	40130	1490864768053	256
44	2	53268	0	5181	2017-03-30 17:06:08	40044	1490864768095	257
136	2	53267	0	6464	2017-03-30 17:06:08	40136	1490864768138	258
67	2	53267	0	14147	2017-03-30 17:06:08	40067	1490864768178	259
48	2	53268	0	3032	2017-03-30 17:06:08	40048	1490864768262	260
55	2	53267	0	15923	2017-03-30 17:06:08	40055	1490864768303	261
46	2	53267	0	17462	2017-03-30 17:06:08	40046	1490864768345	262
69	2	53267	0	6188	2017-03-30 17:06:08	40069	1490864768387	263
138	2	53267	0	5194	2017-03-30 17:06:08	40138	1490864768429	264
52	2	53268	0	3680	2017-03-30 17:06:08	40052	1490864768470	265
137	2	53267	0	2629	2017-03-30 17:06:08	40137	1490864768512	266
63	2	53267	0	2658	2017-03-30 17:06:08	40063	1490864768554	267
81	2	53267	0	3052	2017-03-30 17:06:08	40081	1490864768595	268
64	2	53267	0	3921	2017-03-30 17:06:08	40064	1490864768662	269
57	2	53268	0	11301	2017-03-30 17:06:08	40057	1490864768696	270
41	2	53268	0	929	2017-03-30 17:06:08	40041	1490864768796	271
80	2	53267	0	6435	2017-03-30 17:06:08	40080	1490864768829	272
66	2	53267	0	2162	2017-03-30 17:06:08	40066	1490864768862	273
120	2	53267	0	6207	2017-03-30 17:06:08	40120	1490864768904	274
131	2	53267	0	5926	2017-03-30 17:06:08	40131	1490864768938	275
76	2	53268	0	8841	2017-03-30 17:06:09	40076	1490864769005	276
47	2	53268	0	2680	2017-03-30 17:06:09	40047	1490864769038	277
117	2	53268	0	2521	2017-03-30 17:06:09	40117	1490864769071	278
65	2	53267	0	6050	2017-03-30 17:06:09	40065	1490864769121	279
115	2	53267	0	5830	2017-03-30 17:06:09	40115	1490864769155	280
50	2	53267	0	14261	2017-03-30 17:06:09	40050	1490864769188	281
51	2	53267	0	16219	2017-03-30 17:06:09	40051	1490864769221	282
21	3	49171	0	783	2017-03-30 17:07:03	40021	1490864823874	283
14	3	49171	0	23036	2017-03-30 17:07:04	40014	1490864824103	284
7	3	49172	0	3051	2017-03-30 17:07:04	40007	1490864824203	285
1	3	49173	0	22482	2017-03-30 17:07:04	40001	1490864824236	286
10	3	49172	0	4414	2017-03-30 17:07:04	40010	1490864824270	287
15	3	49171	0	13060	2017-03-30 17:07:04	40015	1490864824303	288
20	3	49171	0	25429	2017-03-30 17:07:04	40020	1490864824336	289
22	3	49171	0	12195	2017-03-30 17:07:04	40022	1490864824370	290
17	3	49171	0	1357	2017-03-30 17:07:04	40017	1490864824403	291
11	3	49171	0	17253	2017-03-30 17:07:04	40011	1490864824436	292
8	3	49171	0	24352	2017-03-30 17:07:04	40008	1490864824470	293
12	3	49171	0	12988	2017-03-30 17:07:04	40012	1490864824503	294
18	3	49172	0	21770	2017-03-30 17:07:04	40018	1490864824637	295
19	3	49171	0	24410	2017-03-30 17:07:04	40019	1490864824679	296
2	3	49171	0	13194	2017-03-30 17:07:04	40002	1490864824712	297
13	3	49171	0	11261	2017-03-30 17:07:04	40013	1490864824812	298
3	3	49171	0	3533	2017-03-30 17:07:04	40003	1490864824896	299
6	3	49171	0	24826	2017-03-30 17:07:05	40006	1490864825029	300
4	3	49171	0	22347	2017-03-30 17:07:05	40004	1490864825063	301
40	3	49171	0	22513	2017-03-30 17:07:05	40040	1490864825514	302
24	3	49171	0	21974	2017-03-30 17:07:05	40024	1490864825698	303
59	3	49171	0	21403	2017-03-30 17:07:05	40059	1490864825731	304
28	3	49171	0	3576	2017-03-30 17:07:05	40028	1490864825764	305
37	3	49173	0	21686	2017-03-30 17:07:05	40037	1490864825831	306
27	3	49171	0	11073	2017-03-30 17:07:05	40027	1490864825898	307
25	3	49171	0	19342	2017-03-30 17:07:05	40025	1490864825981	308
38	3	49171	0	23362	2017-03-30 17:07:06	40038	1490864826015	309
36	3	49173	0	704	2017-03-30 17:07:06	40036	1490864826048	310
34	3	49171	0	6405	2017-03-30 17:07:06	40034	1490864826115	311
35	3	49172	0	2899	2017-03-30 17:07:06	40035	1490864826157	312
31	3	49171	0	23233	2017-03-30 17:07:06	40031	1490864826190	313
32	3	49171	0	9483	2017-03-30 17:07:06	40032	1490864826224	314
33	3	49171	0	20829	2017-03-30 17:07:06	40033	1490864826257	315
39	3	49171	0	20037	2017-03-30 17:07:06	40039	1490864826324	316
26	3	49171	0	22943	2017-03-30 17:07:06	40026	1490864826390	317
43	3	49171	0	20650	2017-03-30 17:07:06	40043	1490864826524	318
77	3	49171	0	2859	2017-03-30 17:07:06	40077	1490864826566	319
30	3	49171	0	20299	2017-03-30 17:07:06	40030	1490864826691	320
74	3	49171	0	3663	2017-03-30 17:07:06	40074	1490864826733	321
42	3	49172	0	1339	2017-03-30 17:07:06	40042	1490864826774	322
123	3	49171	0	7664	2017-03-30 17:07:06	40123	1490864826816	323
116	3	49171	0	4267	2017-03-30 17:07:06	40116	1490864826941	324
137	3	49171	0	3708	2017-03-30 17:07:06	40137	1490864826983	325
134	3	49171	0	3278	2017-03-30 17:07:07	40134	1490864827025	326
130	3	49171	0	3068	2017-03-30 17:07:07	40130	1490864827067	327
133	3	49171	0	5201	2017-03-30 17:07:07	40133	1490864827108	328
47	3	49171	0	2680	2017-03-30 17:07:07	40047	1490864827150	329
124	3	49171	0	9086	2017-03-30 17:07:07	40124	1490864827192	330
126	3	49171	0	8037	2017-03-30 17:07:07	40126	1490864827375	331
65	3	49171	0	6888	2017-03-30 17:07:07	40065	1490864827425	332
120	3	49171	0	8208	2017-03-30 17:07:07	40120	1490864827460	333
69	3	49171	0	8381	2017-03-30 17:07:07	40069	1490864827492	334
76	3	49172	0	8841	2017-03-30 17:07:07	40076	1490864827526	335
64	3	49171	0	4650	2017-03-30 17:07:07	40064	1490864827559	336
71	3	49171	0	460	2017-03-30 17:07:07	40071	1490864827592	337
81	3	49171	0	3975	2017-03-30 17:07:07	40081	1490864827626	338
117	3	49171	0	3426	2017-03-30 17:07:07	40117	1490864827659	339
70	3	49171	0	2912	2017-03-30 17:07:07	40070	1490864827692	340
83	3	49171	0	2908	2017-03-30 17:07:07	40083	1490864827726	341
55	3	49171	0	23117	2017-03-30 17:07:07	40055	1490864827793	342
115	3	49171	0	7828	2017-03-30 17:07:07	40115	1490864827826	343
80	3	49171	0	10575	2017-03-30 17:07:07	40080	1490864827860	344
122	3	49171	0	4174	2017-03-30 17:07:07	40122	1490864827926	345
75	3	49171	0	9073	2017-03-30 17:07:07	40075	1490864827960	346
128	3	49171	0	3227	2017-03-30 17:07:07	40128	1490864827993	347
121	3	49171	0	7695	2017-03-30 17:07:08	40121	1490864828026	348
63	3	49171	0	3549	2017-03-30 17:07:08	40063	1490864828060	349
129	3	49171	0	5327	2017-03-30 17:07:08	40129	1490864828160	350
48	3	49173	0	3032	2017-03-30 17:07:08	40048	1490864828193	351
52	3	49171	0	3680	2017-03-30 17:07:08	40052	1490864828227	352
139	3	49171	0	7695	2017-03-30 17:07:08	40139	1490864828260	353
131	3	49171	0	7930	2017-03-30 17:07:08	40131	1490864828327	354
85	3	49171	0	2955	2017-03-30 17:07:08	40085	1490864828360	355
41	3	49172	0	929	2017-03-30 17:07:08	40041	1490864828502	356
119	3	49171	0	4231	2017-03-30 17:07:08	40119	1490864828536	357
136	3	49171	0	8567	2017-03-30 17:07:08	40136	1490864828569	358
57	3	49172	0	11301	2017-03-30 17:07:08	40057	1490864828669	359
68	3	49171	0	18201	2017-03-30 17:07:08	40068	1490864828722	360
84	3	49171	0	3619	2017-03-30 17:07:08	40084	1490864828753	361
51	3	49172	0	16219	2017-03-30 17:07:08	40051	1490864828786	362
73	3	49171	0	3773	2017-03-30 17:07:08	40073	1490864828819	363
46	3	49171	0	23462	2017-03-30 17:07:08	40046	1490864828853	364
78	3	49171	0	7350	2017-03-30 17:07:08	40078	1490864828886	365
72	3	49171	0	17476	2017-03-30 17:07:08	40072	1490864828920	366
118	3	49171	0	9034	2017-03-30 17:07:08	40118	1490864828953	367
79	3	49171	0	14190	2017-03-30 17:07:08	40079	1490864828986	368
44	3	49172	0	5181	2017-03-30 17:07:09	40044	1490864829020	369
127	3	49171	0	7715	2017-03-30 17:07:09	40127	1490864829120	370
135	3	49171	0	7784	2017-03-30 17:07:09	40135	1490864829153	371
67	3	49171	0	19909	2017-03-30 17:07:09	40067	1490864829187	372
132	3	49171	0	8662	2017-03-30 17:07:09	40132	1490864829220	373
138	3	49171	0	6647	2017-03-30 17:07:09	40138	1490864829287	374
66	3	49171	0	2885	2017-03-30 17:07:09	40066	1490864829320	375
50	3	49171	0	20053	2017-03-30 17:07:09	40050	1490864829353	376
21	4	45075	0	783	2017-03-30 17:08:03	40021	1490864883875	377
14	4	45075	0	29257	2017-03-30 17:08:03	40014	1490864883974	378
12	4	45075	0	17065	2017-03-30 17:08:04	40012	1490864884041	379
13	4	45075	0	11261	2017-03-30 17:08:04	40013	1490864884074	380
20	4	45075	0	32538	2017-03-30 17:08:04	40020	1490864884141	381
4	4	45075	0	28016	2017-03-30 17:08:04	40004	1490864884208	382
15	4	45075	0	13060	2017-03-30 17:08:04	40015	1490864884283	383
3	4	45075	0	3533	2017-03-30 17:08:04	40003	1490864884317	384
6	4	45075	0	31654	2017-03-30 17:08:04	40006	1490864884350	385
2	4	45075	0	13290	2017-03-30 17:08:04	40002	1490864884384	386
1	4	45077	0	28461	2017-03-30 17:08:04	40001	1490864884417	387
19	4	45075	0	31313	2017-03-30 17:08:04	40019	1490864884467	388
8	4	45075	0	31200	2017-03-30 17:08:04	40008	1490864884500	389
18	4	45075	0	25883	2017-03-30 17:08:04	40018	1490864884534	390
7	4	45076	0	3051	2017-03-30 17:08:04	40007	1490864884567	391
17	4	45075	0	1357	2017-03-30 17:08:04	40017	1490864884634	392
22	4	45075	0	15608	2017-03-30 17:08:04	40022	1490864884667	393
11	4	45075	0	17253	2017-03-30 17:08:04	40011	1490864884701	394
10	4	45076	0	4414	2017-03-30 17:08:04	40010	1490864884734	395
40	4	45075	0	27706	2017-03-30 17:08:05	40040	1490864885505	396
24	4	45075	0	26458	2017-03-30 17:08:05	40024	1490864885674	397
28	4	45075	0	3576	2017-03-30 17:08:05	40028	1490864885701	398
59	4	45075	0	26475	2017-03-30 17:08:05	40059	1490864885743	399
37	4	45076	0	23781	2017-03-30 17:08:05	40037	1490864885829	400
38	4	45075	0	28305	2017-03-30 17:08:05	40038	1490864885860	401
33	4	45075	0	23753	2017-03-30 17:08:05	40033	1490864885893	402
36	4	45075	0	704	2017-03-30 17:08:05	40036	1490864885927	403
27	4	45075	0	11073	2017-03-30 17:08:05	40027	1490864885960	404
39	4	45075	0	22369	2017-03-30 17:08:05	40039	1490864885993	405
26	4	45075	0	29473	2017-03-30 17:08:06	40026	1490864886027	406
25	4	45075	0	24421	2017-03-30 17:08:06	40025	1490864886060	407
32	4	45075	0	11414	2017-03-30 17:08:06	40032	1490864886093	408
35	4	45076	0	2899	2017-03-30 17:08:06	40035	1490864886127	409
31	4	45075	0	28368	2017-03-30 17:08:06	40031	1490864886160	410
30	4	45075	0	24637	2017-03-30 17:08:06	40030	1490864886194	411
34	4	45075	0	7644	2017-03-30 17:08:06	40034	1490864886227	412
43	4	45075	0	24820	2017-03-30 17:08:06	40043	1490864886483	413
77	4	45075	0	3567	2017-03-30 17:08:06	40077	1490864886534	414
74	4	45075	0	4480	2017-03-30 17:08:06	40074	1490864886608	415
42	4	45075	0	1339	2017-03-30 17:08:06	40042	1490864886761	416
123	4	45075	0	9733	2017-03-30 17:08:06	40123	1490864886811	417
122	4	45075	0	5142	2017-03-30 17:08:06	40122	1490864886857	418
139	4	45075	0	9601	2017-03-30 17:08:06	40139	1490864886886	419
118	4	45075	0	11216	2017-03-30 17:08:06	40118	1490864886919	420
126	4	45075	0	10196	2017-03-30 17:08:06	40126	1490864886953	421
138	4	45075	0	8177	2017-03-30 17:08:06	40138	1490864886994	422
85	4	45075	0	3712	2017-03-30 17:08:07	40085	1490864887028	423
131	4	45075	0	9960	2017-03-30 17:08:07	40131	1490864887061	424
135	4	45075	0	9617	2017-03-30 17:08:07	40135	1490864887095	425
116	4	45075	0	5340	2017-03-30 17:08:07	40116	1490864887128	426
136	4	45075	0	10669	2017-03-30 17:08:07	40136	1490864887171	427
121	4	45075	0	9672	2017-03-30 17:08:07	40121	1490864887213	428
129	4	45075	0	6557	2017-03-30 17:08:07	40129	1490864887254	429
67	4	45075	0	25709	2017-03-30 17:08:07	40067	1490864887296	430
120	4	45075	0	10292	2017-03-30 17:08:07	40120	1490864887338	431
84	4	45075	0	4497	2017-03-30 17:08:07	40084	1490864887380	432
137	4	45075	0	4715	2017-03-30 17:08:07	40137	1490864887421	433
68	4	45075	0	22160	2017-03-30 17:08:07	40068	1490864887463	434
79	4	45075	0	17617	2017-03-30 17:08:07	40079	1490864887505	435
133	4	45075	0	6632	2017-03-30 17:08:07	40133	1490864887546	436
83	4	45075	0	3635	2017-03-30 17:08:07	40083	1490864887588	437
76	4	45075	0	8841	2017-03-30 17:08:07	40076	1490864887630	438
55	4	45075	0	28057	2017-03-30 17:08:07	40055	1490864887672	439
78	4	45075	0	10351	2017-03-30 17:08:07	40078	1490864887732	440
81	4	45075	0	4818	2017-03-30 17:08:07	40081	1490864887763	441
69	4	45075	0	10548	2017-03-30 17:08:07	40069	1490864887805	442
65	4	45075	0	7681	2017-03-30 17:08:07	40065	1490864887838	443
41	4	45075	0	929	2017-03-30 17:08:07	40041	1490864887872	444
63	4	45075	0	4404	2017-03-30 17:08:07	40063	1490864887905	445
70	4	45075	0	3639	2017-03-30 17:08:07	40070	1490864887939	446
46	4	45075	0	28156	2017-03-30 17:08:07	40046	1490864887972	447
115	4	45075	0	9912	2017-03-30 17:08:08	40115	1490864888005	448
132	4	45075	0	10812	2017-03-30 17:08:08	40132	1490864888039	449
117	4	45075	0	4323	2017-03-30 17:08:08	40117	1490864888081	450
48	4	45075	0	3032	2017-03-30 17:08:08	40048	1490864888114	451
80	4	45075	0	13054	2017-03-30 17:08:08	40080	1490864888147	452
124	4	45075	0	11333	2017-03-30 17:08:08	40124	1490864888181	453
73	4	45075	0	4760	2017-03-30 17:08:08	40073	1490864888214	454
71	4	45075	0	460	2017-03-30 17:08:08	40071	1490864888248	455
72	4	45075	0	21485	2017-03-30 17:08:08	40072	1490864888314	456
128	4	45075	0	3935	2017-03-30 17:08:08	40128	1490864888348	457
66	4	45075	0	3612	2017-03-30 17:08:08	40066	1490864888381	458
75	4	45075	0	12032	2017-03-30 17:08:08	40075	1490864888415	459
51	4	45075	0	16219	2017-03-30 17:08:08	40051	1490864888448	460
52	4	45075	0	3680	2017-03-30 17:08:08	40052	1490864888481	461
119	4	45075	0	5245	2017-03-30 17:08:08	40119	1490864888515	462
50	4	45075	0	22000	2017-03-30 17:08:08	40050	1490864888548	463
44	4	45075	0	5181	2017-03-30 17:08:08	40044	1490864888581	464
134	4	45075	0	4054	2017-03-30 17:08:08	40134	1490864888615	465
64	4	45075	0	5413	2017-03-30 17:08:08	40064	1490864888650	466
127	4	45075	0	9517	2017-03-30 17:08:08	40127	1490864888682	467
57	4	45075	0	11301	2017-03-30 17:08:08	40057	1490864888715	468
47	4	45075	0	2680	2017-03-30 17:08:08	40047	1490864888748	469
130	4	45075	0	3776	2017-03-30 17:08:08	40130	1490864888782	470
21	5	40979	0	783	2017-03-30 17:09:03	40021	1490864943871	471
1	5	40981	0	35701	2017-03-30 17:09:03	40001	1490864943999	472
12	5	40979	0	18872	2017-03-30 17:09:04	40012	1490864944041	473
19	5	40979	0	33407	2017-03-30 17:09:04	40019	1490864944141	474
17	5	40979	0	1357	2017-03-30 17:09:04	40017	1490864944174	475
4	5	40979	0	33732	2017-03-30 17:09:04	40004	1490864944208	476
2	5	40979	0	13290	2017-03-30 17:09:04	40002	1490864944241	477
6	5	40979	0	33664	2017-03-30 17:09:04	40006	1490864944274	478
22	5	40979	0	17468	2017-03-30 17:09:04	40022	1490864944308	479
13	5	40979	0	11261	2017-03-30 17:09:04	40013	1490864944408	480
3	5	40979	0	3533	2017-03-30 17:09:04	40003	1490864944466	481
15	5	40979	0	13060	2017-03-30 17:09:04	40015	1490864944500	482
11	5	40979	0	17253	2017-03-30 17:09:04	40011	1490864944566	483
20	5	40979	0	34548	2017-03-30 17:09:04	40020	1490864944600	484
8	5	40979	0	33280	2017-03-30 17:09:04	40008	1490864944633	485
14	5	40979	0	34890	2017-03-30 17:09:04	40014	1490864944667	486
10	5	40981	0	4414	2017-03-30 17:09:04	40010	1490864944700	487
7	5	40980	0	3051	2017-03-30 17:09:04	40007	1490864944733	488
18	5	40981	0	25883	2017-03-30 17:09:04	40018	1490864944800	489
40	5	40979	0	29800	2017-03-30 17:09:05	40040	1490864945535	490
24	5	40979	0	27541	2017-03-30 17:09:05	40024	1490864945668	491
59	5	40979	0	28185	2017-03-30 17:09:05	40059	1490864945735	492
28	5	40979	0	3576	2017-03-30 17:09:05	40028	1490864945769	493
37	5	40980	0	23781	2017-03-30 17:09:05	40037	1490864945829	494
27	5	40979	0	11073	2017-03-30 17:09:05	40027	1490864945894	495
31	5	40979	0	30404	2017-03-30 17:09:05	40031	1490864945927	496
38	5	40979	0	30204	2017-03-30 17:09:05	40038	1490864945961	497
39	5	40979	0	22369	2017-03-30 17:09:05	40039	1490864945994	498
25	5	40979	0	26479	2017-03-30 17:09:06	40025	1490864946027	499
36	5	40979	0	704	2017-03-30 17:09:06	40036	1490864946061	500
35	5	40979	0	2899	2017-03-30 17:09:06	40035	1490864946094	501
34	5	40979	0	9144	2017-03-30 17:09:06	40034	1490864946128	502
33	5	40979	0	25245	2017-03-30 17:09:06	40033	1490864946285	503
26	5	40979	0	31343	2017-03-30 17:09:06	40026	1490864946345	504
30	5	40979	0	25345	2017-03-30 17:09:06	40030	1490864946386	505
32	5	40979	0	13190	2017-03-30 17:09:06	40032	1490864946420	506
43	5	40979	0	25581	2017-03-30 17:09:06	40043	1490864946481	507
77	5	40979	0	4292	2017-03-30 17:09:06	40077	1490864946532	508
74	5	40979	0	5290	2017-03-30 17:09:06	40074	1490864946612	509
42	5	40979	0	1339	2017-03-30 17:09:06	40042	1490864946762	510
123	5	40979	0	11552	2017-03-30 17:09:06	40123	1490864946795	511
122	5	40979	0	6181	2017-03-30 17:09:06	40122	1490864946856	512
118	5	40979	0	13310	2017-03-30 17:09:06	40118	1490864946887	513
139	5	40979	0	11521	2017-03-30 17:09:06	40139	1490864946920	514
132	5	40979	0	12894	2017-03-30 17:09:06	40132	1490864946953	515
127	5	40979	0	11185	2017-03-30 17:09:06	40127	1490864946987	516
116	5	40979	0	6423	2017-03-30 17:09:07	40116	1490864947021	517
131	5	40979	0	11916	2017-03-30 17:09:07	40131	1490864947054	518
120	5	40979	0	12232	2017-03-30 17:09:07	40120	1490864947087	519
136	5	40980	0	12770	2017-03-30 17:09:07	40136	1490864947120	520
47	5	40979	0	2680	2017-03-30 17:09:07	40047	1490864947154	521
137	5	40979	0	5552	2017-03-30 17:09:07	40137	1490864947187	522
135	5	40979	0	11600	2017-03-30 17:09:07	40135	1490864947221	523
129	5	40979	0	7829	2017-03-30 17:09:07	40129	1490864947254	524
72	5	40979	0	28687	2017-03-30 17:09:07	40072	1490864947287	525
55	5	40979	0	29955	2017-03-30 17:09:07	40055	1490864947321	526
64	5	40979	0	6204	2017-03-30 17:09:07	40064	1490864947354	527
71	5	40980	0	460	2017-03-30 17:09:07	40071	1490864947388	528
124	5	40979	0	13629	2017-03-30 17:09:07	40124	1490864947421	529
68	5	40979	0	22933	2017-03-30 17:09:07	40068	1490864947454	530
83	5	40979	0	4362	2017-03-30 17:09:07	40083	1490864947488	531
133	5	40979	0	7876	2017-03-30 17:09:07	40133	1490864947521	532
67	5	40979	0	29852	2017-03-30 17:09:07	40067	1490864947555	533
119	5	40979	0	6139	2017-03-30 17:09:07	40119	1490864947588	534
70	5	40979	0	4362	2017-03-30 17:09:07	40070	1490864947621	535
75	5	40979	0	13295	2017-03-30 17:09:07	40075	1490864947671	536
80	5	40979	0	13792	2017-03-30 17:09:07	40080	1490864947705	537
134	5	40979	0	4842	2017-03-30 17:09:07	40134	1490864947738	538
138	5	40979	0	9966	2017-03-30 17:09:07	40138	1490864947772	539
78	5	40979	0	11932	2017-03-30 17:09:07	40078	1490864947805	540
130	5	40979	0	4502	2017-03-30 17:09:07	40130	1490864947855	541
69	5	40979	0	12565	2017-03-30 17:09:07	40069	1490864947888	542
121	5	40979	0	11367	2017-03-30 17:09:07	40121	1490864947922	543
117	5	40979	0	5342	2017-03-30 17:09:07	40117	1490864947955	544
66	5	40979	0	4338	2017-03-30 17:09:07	40066	1490864947989	545
79	5	40979	0	19369	2017-03-30 17:09:08	40079	1490864948022	546
48	5	40979	0	3032	2017-03-30 17:09:08	40048	1490864948055	547
81	5	40979	0	5543	2017-03-30 17:09:08	40081	1490864948089	548
41	5	40979	0	929	2017-03-30 17:09:08	40041	1490864948122	549
73	5	40979	0	5700	2017-03-30 17:09:08	40073	1490864948155	550
126	5	40979	0	12359	2017-03-30 17:09:08	40126	1490864948189	551
85	5	40979	0	4520	2017-03-30 17:09:08	40085	1490864948222	552
128	5	40979	0	4643	2017-03-30 17:09:08	40128	1490864948256	553
115	5	40979	0	11843	2017-03-30 17:09:08	40115	1490864948289	554
46	5	40979	0	29720	2017-03-30 17:09:08	40046	1490864948322	555
50	5	40979	0	22000	2017-03-30 17:09:08	40050	1490864948372	556
51	5	40979	0	16219	2017-03-30 17:09:08	40051	1490864948406	557
76	5	40979	0	8841	2017-03-30 17:09:08	40076	1490864948439	558
44	5	40979	0	5181	2017-03-30 17:09:08	40044	1490864948473	559
52	5	40979	0	3680	2017-03-30 17:09:08	40052	1490864948506	560
84	5	40979	0	5309	2017-03-30 17:09:08	40084	1490864948539	561
65	5	40979	0	10082	2017-03-30 17:09:08	40065	1490864948574	562
63	5	40979	0	5129	2017-03-30 17:09:08	40063	1490864948606	563
57	5	40979	0	11301	2017-03-30 17:09:08	40057	1490864948656	564
21	6	36883	0	783	2017-03-30 17:10:03	40021	1490865003872	565
14	6	36883	0	40691	2017-03-30 17:10:03	40014	1490865003974	566
12	6	36883	0	20789	2017-03-30 17:10:04	40012	1490865004041	567
11	6	36883	0	17253	2017-03-30 17:10:04	40011	1490865004141	568
2	6	36883	0	13290	2017-03-30 17:10:04	40002	1490865004175	569
15	6	36883	0	13060	2017-03-30 17:10:04	40015	1490865004208	570
6	6	36883	0	35737	2017-03-30 17:10:04	40006	1490865004242	571
8	6	36883	0	35272	2017-03-30 17:10:04	40008	1490865004275	572
20	6	36883	0	36672	2017-03-30 17:10:04	40020	1490865004308	573
17	6	36883	0	1357	2017-03-30 17:10:04	40017	1490865004342	574
22	6	36883	0	19319	2017-03-30 17:10:04	40022	1490865004375	575
7	6	36883	0	3051	2017-03-30 17:10:04	40007	1490865004408	576
19	6	36883	0	35294	2017-03-30 17:10:04	40019	1490865004442	577
18	6	36884	0	25883	2017-03-30 17:10:04	40018	1490865004475	578
3	6	36883	0	3533	2017-03-30 17:10:04	40003	1490865004509	579
13	6	36883	0	11261	2017-03-30 17:10:04	40013	1490865004609	580
10	6	36884	0	4414	2017-03-30 17:10:04	40010	1490865004642	581
4	6	36883	0	39626	2017-03-30 17:10:04	40004	1490865004684	582
1	6	36885	0	41435	2017-03-30 17:10:04	40001	1490865004901	583
40	6	36883	0	31804	2017-03-30 17:10:05	40040	1490865005502	584
24	6	36883	0	28359	2017-03-30 17:10:05	40024	1490865005679	585
28	6	36883	0	3576	2017-03-30 17:10:05	40028	1490865005710	586
59	6	36883	0	29944	2017-03-30 17:10:05	40059	1490865005743	587
37	6	36884	0	23781	2017-03-30 17:10:05	40037	1490865005830	588
38	6	36883	0	31820	2017-03-30 17:10:05	40038	1490865005860	589
25	6	36883	0	28091	2017-03-30 17:10:05	40025	1490865005893	590
32	6	36883	0	15070	2017-03-30 17:10:05	40032	1490865005927	591
31	6	36883	0	31652	2017-03-30 17:10:05	40031	1490865005977	592
39	6	36883	0	22369	2017-03-30 17:10:06	40039	1490865006010	593
36	6	36883	0	704	2017-03-30 17:10:06	40036	1490865006043	594
30	6	36883	0	26100	2017-03-30 17:10:06	40030	1490865006077	595
35	6	36883	0	2899	2017-03-30 17:10:06	40035	1490865006110	596
34	6	36883	0	10166	2017-03-30 17:10:06	40034	1490865006152	597
33	6	36883	0	26383	2017-03-30 17:10:06	40033	1490865006185	598
26	6	36883	0	33134	2017-03-30 17:10:06	40026	1490865006219	599
27	6	36883	0	11073	2017-03-30 17:10:06	40027	1490865006252	600
43	6	36883	0	26308	2017-03-30 17:10:06	40043	1490865006480	601
77	6	36883	0	5000	2017-03-30 17:10:06	40077	1490865006529	602
74	6	36883	0	6028	2017-03-30 17:10:06	40074	1490865006615	603
42	6	36883	0	1339	2017-03-30 17:10:06	40042	1490865006748	604
123	6	36883	0	13413	2017-03-30 17:10:06	40123	1490865006787	605
118	6	36883	0	15476	2017-03-30 17:10:06	40118	1490865006854	606
139	6	36883	0	13683	2017-03-30 17:10:06	40139	1490865006919	607
137	6	36883	0	6415	2017-03-30 17:10:06	40137	1490865006953	608
47	6	36883	0	2680	2017-03-30 17:10:06	40047	1490865006986	609
122	6	36883	0	7115	2017-03-30 17:10:07	40122	1490865007020	610
131	6	36883	0	13968	2017-03-30 17:10:07	40131	1490865007053	611
133	6	36883	0	9091	2017-03-30 17:10:07	40133	1490865007086	612
126	6	36883	0	14478	2017-03-30 17:10:07	40126	1490865007120	613
128	6	36883	0	5351	2017-03-30 17:10:07	40128	1490865007153	614
85	6	36883	0	5222	2017-03-30 17:10:07	40085	1490865007187	615
129	6	36883	0	8944	2017-03-30 17:10:07	40129	1490865007236	616
121	6	36883	0	13146	2017-03-30 17:10:07	40121	1490865007270	617
81	6	36883	0	6261	2017-03-30 17:10:07	40081	1490865007303	618
41	6	36883	0	929	2017-03-30 17:10:07	40041	1490865007337	619
67	6	36883	0	35673	2017-03-30 17:10:07	40067	1490865007370	620
134	6	36883	0	5564	2017-03-30 17:10:07	40134	1490865007404	621
138	6	36883	0	11792	2017-03-30 17:10:07	40138	1490865007445	622
116	6	36883	0	7443	2017-03-30 17:10:07	40116	1490865007479	623
72	6	36883	0	32634	2017-03-30 17:10:07	40072	1490865007512	624
66	6	36883	0	5046	2017-03-30 17:10:07	40066	1490865007548	625
63	6	36883	0	5837	2017-03-30 17:10:07	40063	1490865007579	626
119	6	36883	0	7135	2017-03-30 17:10:07	40119	1490865007612	627
68	6	36883	0	23641	2017-03-30 17:10:07	40068	1490865007646	628
73	6	36883	0	6543	2017-03-30 17:10:07	40073	1490865007679	629
136	6	36883	0	14894	2017-03-30 17:10:07	40136	1490865007712	630
69	6	36883	0	14491	2017-03-30 17:10:07	40069	1490865007746	631
117	6	36883	0	6278	2017-03-30 17:10:07	40117	1490865007779	632
80	6	36883	0	14500	2017-03-30 17:10:07	40080	1490865007812	633
120	6	36883	0	14325	2017-03-30 17:10:07	40120	1490865007846	634
132	6	36883	0	14949	2017-03-30 17:10:07	40132	1490865007879	635
83	6	36883	0	5070	2017-03-30 17:10:07	40083	1490865007913	636
75	6	36883	0	14258	2017-03-30 17:10:07	40075	1490865007946	637
55	6	36883	0	31330	2017-03-30 17:10:07	40055	1490865007979	638
48	6	36883	0	3032	2017-03-30 17:10:08	40048	1490865008013	639
127	6	36883	0	13082	2017-03-30 17:10:08	40127	1490865008046	640
44	6	36883	0	5181	2017-03-30 17:10:08	40044	1490865008080	641
115	6	36883	0	13764	2017-03-30 17:10:08	40115	1490865008113	642
76	6	36883	0	8841	2017-03-30 17:10:08	40076	1490865008146	643
64	6	36883	0	6974	2017-03-30 17:10:08	40064	1490865008180	644
52	6	36883	0	3680	2017-03-30 17:10:08	40052	1490865008213	645
71	6	36884	0	460	2017-03-30 17:10:08	40071	1490865008247	646
70	6	36883	0	5070	2017-03-30 17:10:08	40070	1490865008280	647
135	6	36883	0	13525	2017-03-30 17:10:08	40135	1490865008322	648
124	6	36883	0	15959	2017-03-30 17:10:08	40124	1490865008363	649
51	6	36883	0	16219	2017-03-30 17:10:08	40051	1490865008405	650
50	6	36883	0	22000	2017-03-30 17:10:08	40050	1490865008447	651
130	6	36883	0	5269	2017-03-30 17:10:08	40130	1490865008505	652
78	6	36883	0	13352	2017-03-30 17:10:08	40078	1490865008547	653
84	6	36883	0	6244	2017-03-30 17:10:08	40084	1490865008589	654
79	6	36883	0	21257	2017-03-30 17:10:08	40079	1490865008630	655
46	6	36883	0	30709	2017-03-30 17:10:08	40046	1490865008672	656
65	6	36883	0	12407	2017-03-30 17:10:08	40065	1490865008722	657
57	6	36883	0	11301	2017-03-30 17:10:08	40057	1490865008764	658
21	7	32787	0	783	2017-03-30 17:11:03	40021	1490865063872	659
3	7	32787	0	3533	2017-03-30 17:11:04	40003	1490865064082	660
13	7	32787	0	11261	2017-03-30 17:11:04	40013	1490865064116	661
20	7	32787	0	38842	2017-03-30 17:11:04	40020	1490865064149	662
4	7	32787	0	45428	2017-03-30 17:11:04	40004	1490865064216	663
18	7	32788	0	25883	2017-03-30 17:11:04	40018	1490865064266	664
7	7	32787	0	3051	2017-03-30 17:11:04	40007	1490865064333	665
12	7	32787	0	22670	2017-03-30 17:11:04	40012	1490865064366	666
14	7	32788	0	46462	2017-03-30 17:11:04	40014	1490865064399	667
1	7	32789	0	47310	2017-03-30 17:11:04	40001	1490865064433	668
17	7	32787	0	1357	2017-03-30 17:11:04	40017	1490865064508	669
22	7	32787	0	21219	2017-03-30 17:11:04	40022	1490865064541	670
11	7	32787	0	17253	2017-03-30 17:11:04	40011	1490865064608	671
8	7	32787	0	37333	2017-03-30 17:11:04	40008	1490865064641	672
19	7	32787	0	37281	2017-03-30 17:11:04	40019	1490865064675	673
6	7	32787	0	37898	2017-03-30 17:11:04	40006	1490865064708	674
2	7	32787	0	13290	2017-03-30 17:11:04	40002	1490865064775	675
15	7	32787	0	13060	2017-03-30 17:11:04	40015	1490865064942	676
10	7	32788	0	4414	2017-03-30 17:11:05	40010	1490865065009	677
40	7	32787	0	33929	2017-03-30 17:11:05	40040	1490865065509	678
24	7	32787	0	29295	2017-03-30 17:11:05	40024	1490865065674	679
28	7	32787	0	3576	2017-03-30 17:11:05	40028	1490865065709	680
59	7	32787	0	31577	2017-03-30 17:11:05	40059	1490865065751	681
37	7	32788	0	23781	2017-03-30 17:11:05	40037	1490865065815	682
38	7	32787	0	33664	2017-03-30 17:11:05	40038	1490865065842	683
39	7	32787	0	22369	2017-03-30 17:11:05	40039	1490865065876	684
35	7	32788	0	2899	2017-03-30 17:11:05	40035	1490865065909	685
33	7	32787	0	27406	2017-03-30 17:11:05	40033	1490865065943	686
32	7	32787	0	16863	2017-03-30 17:11:05	40032	1490865065976	687
25	7	32787	0	29952	2017-03-30 17:11:06	40025	1490865066009	688
31	7	32787	0	32854	2017-03-30 17:11:06	40031	1490865066043	689
27	7	32787	0	11073	2017-03-30 17:11:06	40027	1490865066076	690
30	7	32787	0	26885	2017-03-30 17:11:06	40030	1490865066110	691
26	7	32787	0	34921	2017-03-30 17:11:06	40026	1490865066143	692
36	7	32787	0	704	2017-03-30 17:11:06	40036	1490865066176	693
34	7	32787	0	11079	2017-03-30 17:11:06	40034	1490865066210	694
43	7	32787	0	27048	2017-03-30 17:11:06	40043	1490865066479	695
77	7	32787	0	5708	2017-03-30 17:11:06	40077	1490865066527	696
74	7	32787	0	6802	2017-03-30 17:11:06	40074	1490865066620	697
42	7	32787	0	1339	2017-03-30 17:11:06	40042	1490865066749	698
123	7	32787	0	15252	2017-03-30 17:11:06	40123	1490865066785	699
122	7	32787	0	8259	2017-03-30 17:11:06	40122	1490865066855	700
118	7	32787	0	17585	2017-03-30 17:11:06	40118	1490865066894	701
120	7	32787	0	16370	2017-03-30 17:11:06	40120	1490865066935	702
127	7	32787	0	14819	2017-03-30 17:11:06	40127	1490865066977	703
135	7	32787	0	15473	2017-03-30 17:11:07	40135	1490865067027	704
131	7	32787	0	15783	2017-03-30 17:11:07	40131	1490865067069	705
121	7	32787	0	15212	2017-03-30 17:11:07	40121	1490865067111	706
85	7	32787	0	5947	2017-03-30 17:11:07	40085	1490865067152	707
138	7	32787	0	13626	2017-03-30 17:11:07	40138	1490865067194	708
128	7	32787	0	6059	2017-03-30 17:11:07	40128	1490865067236	709
67	7	32787	0	43099	2017-03-30 17:11:07	40067	1490865067278	710
81	7	32787	0	6986	2017-03-30 17:11:07	40081	1490865067319	711
66	7	32787	0	5785	2017-03-30 17:11:07	40066	1490865067361	712
115	7	32787	0	15855	2017-03-30 17:11:07	40115	1490865067403	713
68	7	32787	0	24445	2017-03-30 17:11:07	40068	1490865067444	714
75	7	32787	0	15331	2017-03-30 17:11:07	40075	1490865067486	715
129	7	32787	0	10229	2017-03-30 17:11:07	40129	1490865067528	716
73	7	32787	0	7476	2017-03-30 17:11:07	40073	1490865067569	717
65	7	32787	0	13158	2017-03-30 17:11:07	40065	1490865067611	718
63	7	32787	0	6545	2017-03-30 17:11:07	40063	1490865067645	719
47	7	32787	0	2680	2017-03-30 17:11:07	40047	1490865067678	720
64	7	32787	0	7682	2017-03-30 17:11:07	40064	1490865067711	721
117	7	32787	0	7532	2017-03-30 17:11:07	40117	1490865067745	722
76	7	32787	0	8841	2017-03-30 17:11:07	40076	1490865067778	723
71	7	32788	0	460	2017-03-30 17:11:07	40071	1490865067811	724
83	7	32787	0	5826	2017-03-30 17:11:07	40083	1490865067845	725
116	7	32787	0	8756	2017-03-30 17:11:07	40116	1490865067878	726
130	7	32787	0	6136	2017-03-30 17:11:07	40130	1490865067912	727
119	7	32787	0	8235	2017-03-30 17:11:07	40119	1490865067945	728
133	7	32787	0	10178	2017-03-30 17:11:07	40133	1490865067979	729
124	7	32787	0	18227	2017-03-30 17:11:08	40124	1490865068012	730
126	7	32787	0	16474	2017-03-30 17:11:08	40126	1490865068045	731
79	7	32787	0	23028	2017-03-30 17:11:08	40079	1490865068087	732
41	7	32787	0	929	2017-03-30 17:11:08	40041	1490865068120	733
72	7	32787	0	36577	2017-03-30 17:11:08	40072	1490865068154	734
78	7	32787	0	14699	2017-03-30 17:11:08	40078	1490865068187	735
55	7	32787	0	32873	2017-03-30 17:11:08	40055	1490865068246	736
137	7	32787	0	7309	2017-03-30 17:11:08	40137	1490865068296	737
44	7	32787	0	5181	2017-03-30 17:11:08	40044	1490865068329	738
46	7	32787	0	31781	2017-03-30 17:11:08	40046	1490865068362	739
134	7	32787	0	6370	2017-03-30 17:11:08	40134	1490865068396	740
50	7	32787	0	22000	2017-03-30 17:11:08	40050	1490865068429	741
48	7	32787	0	3032	2017-03-30 17:11:08	40048	1490865068462	742
69	7	32787	0	16514	2017-03-30 17:11:08	40069	1490865068496	743
136	7	32787	0	17040	2017-03-30 17:11:08	40136	1490865068531	744
52	7	32787	0	3680	2017-03-30 17:11:08	40052	1490865068563	745
51	7	32787	0	16219	2017-03-30 17:11:08	40051	1490865068596	746
132	7	32787	0	17092	2017-03-30 17:11:08	40132	1490865068629	747
57	7	32787	0	11301	2017-03-30 17:11:08	40057	1490865068663	748
80	7	32787	0	15224	2017-03-30 17:11:08	40080	1490865068696	749
70	7	32787	0	5813	2017-03-30 17:11:08	40070	1490865068730	750
84	7	32787	0	7277	2017-03-30 17:11:08	40084	1490865068763	751
139	7	32787	0	15605	2017-03-30 17:11:08	40139	1490865068796	752
21	8	28691	0	783	2017-03-30 17:12:03	40021	1490865123868	753
3	8	28691	0	3533	2017-03-30 17:12:04	40003	1490865124006	754
13	8	28691	0	11261	2017-03-30 17:12:04	40013	1490865124048	755
22	8	28691	0	23078	2017-03-30 17:12:04	40022	1490865124190	756
12	8	28691	0	24483	2017-03-30 17:12:04	40012	1490865124232	757
11	8	28691	0	17253	2017-03-30 17:12:04	40011	1490865124273	758
7	8	28692	0	3051	2017-03-30 17:12:04	40007	1490865124357	759
10	8	28691	0	4414	2017-03-30 17:12:04	40010	1490865124398	760
6	8	28691	0	40019	2017-03-30 17:12:04	40006	1490865124440	761
18	8	28692	0	25883	2017-03-30 17:12:04	40018	1490865124565	762
8	8	28691	0	39509	2017-03-30 17:12:04	40008	1490865124607	763
2	8	28691	0	13290	2017-03-30 17:12:04	40002	1490865124649	764
15	8	28691	0	13060	2017-03-30 17:12:04	40015	1490865124690	765
19	8	28691	0	39369	2017-03-30 17:12:04	40019	1490865124732	766
1	8	28693	0	53766	2017-03-30 17:12:04	40001	1490865124816	767
14	8	28691	0	52292	2017-03-30 17:12:04	40014	1490865124857	768
20	8	28691	0	40913	2017-03-30 17:12:04	40020	1490865124899	769
4	8	28691	0	51131	2017-03-30 17:12:04	40004	1490865124941	770
17	8	28691	0	1357	2017-03-30 17:12:05	40017	1490865125024	771
40	8	28691	0	35840	2017-03-30 17:12:05	40040	1490865125500	772
24	8	28691	0	30202	2017-03-30 17:12:05	40024	1490865125670	773
28	8	28691	0	3576	2017-03-30 17:12:05	40028	1490865125700	774
59	8	28691	0	33377	2017-03-30 17:12:05	40059	1490865125733	775
37	8	28692	0	23781	2017-03-30 17:12:05	40037	1490865125815	776
38	8	28691	0	35564	2017-03-30 17:12:05	40038	1490865125850	777
33	8	28691	0	28555	2017-03-30 17:12:05	40033	1490865125883	778
26	8	28691	0	36627	2017-03-30 17:12:05	40026	1490865125917	779
25	8	28691	0	31633	2017-03-30 17:12:05	40025	1490865125950	780
36	8	28691	0	704	2017-03-30 17:12:05	40036	1490865125984	781
27	8	28691	0	11073	2017-03-30 17:12:06	40027	1490865126017	782
30	8	28691	0	28050	2017-03-30 17:12:06	40030	1490865126050	783
34	8	28691	0	12386	2017-03-30 17:12:06	40034	1490865126084	784
32	8	28691	0	18821	2017-03-30 17:12:06	40032	1490865126117	785
31	8	28691	0	34192	2017-03-30 17:12:06	40031	1490865126151	786
35	8	28693	0	2899	2017-03-30 17:12:06	40035	1490865126184	787
39	8	28691	0	22369	2017-03-30 17:12:06	40039	1490865126217	788
43	8	28691	0	27957	2017-03-30 17:12:06	40043	1490865126478	789
77	8	28691	0	6452	2017-03-30 17:12:06	40077	1490865126524	790
74	8	28691	0	7616	2017-03-30 17:12:06	40074	1490865126608	791
42	8	28691	0	1339	2017-03-30 17:12:06	40042	1490865126751	792
123	8	28691	0	16967	2017-03-30 17:12:06	40123	1490865126787	793
122	8	28691	0	9538	2017-03-30 17:12:06	40122	1490865126854	794
139	8	28691	0	17650	2017-03-30 17:12:06	40139	1490865126884	795
118	8	28691	0	19830	2017-03-30 17:12:06	40118	1490865126918	796
120	8	28691	0	18419	2017-03-30 17:12:06	40120	1490865126951	797
138	8	28691	0	15528	2017-03-30 17:12:06	40138	1490865126985	798
132	8	28691	0	19116	2017-03-30 17:12:07	40132	1490865127018	799
136	8	28691	0	19007	2017-03-30 17:12:07	40136	1490865127051	800
119	8	28691	0	9154	2017-03-30 17:12:07	40119	1490865127085	801
124	8	28691	0	20554	2017-03-30 17:12:07	40124	1490865127118	802
117	8	28691	0	8636	2017-03-30 17:12:07	40117	1490865127152	803
115	8	28691	0	17866	2017-03-30 17:12:07	40115	1490865127185	804
66	8	28691	0	6565	2017-03-30 17:12:07	40066	1490865127218	805
134	8	28691	0	7204	2017-03-30 17:12:07	40134	1490865127252	806
126	8	28691	0	18521	2017-03-30 17:12:07	40126	1490865127285	807
80	8	28691	0	16045	2017-03-30 17:12:07	40080	1490865127319	808
127	8	28691	0	16751	2017-03-30 17:12:07	40127	1490865127352	809
72	8	28691	0	40531	2017-03-30 17:12:07	40072	1490865127385	810
63	8	28691	0	7325	2017-03-30 17:12:07	40063	1490865127419	811
68	8	28691	0	25253	2017-03-30 17:12:07	40068	1490865127452	812
76	8	28691	0	8841	2017-03-30 17:12:07	40076	1490865127486	813
116	8	28691	0	10268	2017-03-30 17:12:07	40116	1490865127519	814
85	8	28691	0	6723	2017-03-30 17:12:07	40085	1490865127553	815
71	8	28692	0	460	2017-03-30 17:12:07	40071	1490865127586	816
133	8	28695	0	11693	2017-03-30 17:12:07	40133	1490865127619	817
75	8	28691	0	16489	2017-03-30 17:12:07	40075	1490865127669	818
128	8	28691	0	6829	2017-03-30 17:12:07	40128	1490865127703	819
70	8	28691	0	6577	2017-03-30 17:12:07	40070	1490865127736	820
137	8	28691	0	8150	2017-03-30 17:12:07	40137	1490865127770	821
83	8	28691	0	6585	2017-03-30 17:12:07	40083	1490865127804	822
130	8	28691	0	7051	2017-03-30 17:12:07	40130	1490865127846	823
41	8	28691	0	929	2017-03-30 17:12:07	40041	1490865127879	824
67	8	28691	0	47240	2017-03-30 17:12:07	40067	1490865127912	825
73	8	28691	0	8459	2017-03-30 17:12:07	40073	1490865127946	826
48	8	28691	0	3032	2017-03-30 17:12:07	40048	1490865127979	827
55	8	28691	0	34481	2017-03-30 17:12:08	40055	1490865128013	828
135	8	28691	0	17344	2017-03-30 17:12:08	40135	1490865128046	829
44	8	28691	0	5181	2017-03-30 17:12:08	40044	1490865128079	830
84	8	28691	0	8228	2017-03-30 17:12:08	40084	1490865128113	831
69	8	28691	0	18691	2017-03-30 17:12:08	40069	1490865128146	832
64	8	28691	0	8390	2017-03-30 17:12:08	40064	1490865128179	833
121	8	28691	0	17318	2017-03-30 17:12:08	40121	1490865128213	834
131	8	28691	0	17760	2017-03-30 17:12:08	40131	1490865128246	835
129	8	28691	0	12199	2017-03-30 17:12:08	40129	1490865128280	836
79	8	28691	0	24972	2017-03-30 17:12:08	40079	1490865128313	837
47	8	28691	0	2680	2017-03-30 17:12:08	40047	1490865128346	838
51	8	28691	0	16219	2017-03-30 17:12:08	40051	1490865128380	839
50	8	28691	0	22000	2017-03-30 17:12:08	40050	1490865128413	840
81	8	28691	0	7791	2017-03-30 17:12:08	40081	1490865128447	841
65	8	28691	0	13901	2017-03-30 17:12:08	40065	1490865128481	842
52	8	28691	0	3680	2017-03-30 17:12:08	40052	1490865128513	843
78	8	28691	0	16001	2017-03-30 17:12:08	40078	1490865128547	844
46	8	28691	0	33265	2017-03-30 17:12:08	40046	1490865128580	845
57	8	28691	0	11301	2017-03-30 17:12:08	40057	1490865128640	846
21	9	24595	0	783	2017-03-30 17:13:03	40021	1490865183869	847
3	9	24595	0	3533	2017-03-30 17:13:03	40003	1490865183914	848
13	9	24595	0	11261	2017-03-30 17:13:04	40013	1490865184047	849
22	9	24595	0	24823	2017-03-30 17:13:04	40022	1490865184114	850
12	9	24595	0	26315	2017-03-30 17:13:04	40012	1490865184148	851
2	9	24595	0	13290	2017-03-30 17:13:04	40002	1490865184181	852
10	9	24596	0	4414	2017-03-30 17:13:04	40010	1490865184214	853
14	9	24595	0	58740	2017-03-30 17:13:04	40014	1490865184248	854
8	9	24595	0	41606	2017-03-30 17:13:04	40008	1490865184281	855
11	9	24595	0	17253	2017-03-30 17:13:04	40011	1490865184315	856
6	9	24595	0	42243	2017-03-30 17:13:04	40006	1490865184348	857
19	9	24595	0	41257	2017-03-30 17:13:04	40019	1490865184381	858
15	9	24595	0	13060	2017-03-30 17:13:04	40015	1490865184532	859
20	9	24595	0	43076	2017-03-30 17:13:04	40020	1490865184565	860
17	9	24595	0	1357	2017-03-30 17:13:04	40017	1490865184598	861
4	9	24595	0	56761	2017-03-30 17:13:04	40004	1490865184632	862
18	9	24596	0	25883	2017-03-30 17:13:04	40018	1490865184715	863
7	9	24595	0	3051	2017-03-30 17:13:04	40007	1490865184782	864
1	9	24597	0	60101	2017-03-30 17:13:04	40001	1490865184815	865
40	9	24595	0	37954	2017-03-30 17:13:05	40040	1490865185507	866
24	9	24595	0	31114	2017-03-30 17:13:05	40024	1490865185665	867
28	9	24595	0	3576	2017-03-30 17:13:05	40028	1490865185699	868
59	9	24595	0	35150	2017-03-30 17:13:05	40059	1490865185733	869
37	9	24596	0	23781	2017-03-30 17:13:05	40037	1490865185816	870
38	9	24595	0	37270	2017-03-30 17:13:05	40038	1490865185849	871
25	9	24595	0	33311	2017-03-30 17:13:05	40025	1490865185883	872
34	9	24595	0	13782	2017-03-30 17:13:05	40034	1490865185916	873
27	9	24595	0	11073	2017-03-30 17:13:05	40027	1490865185966	874
32	9	24595	0	20970	2017-03-30 17:13:06	40032	1490865186000	875
35	9	24595	0	2899	2017-03-30 17:13:06	40035	1490865186033	876
26	9	24595	0	38433	2017-03-30 17:13:06	40026	1490865186066	877
30	9	24595	0	28893	2017-03-30 17:13:06	40030	1490865186100	878
39	9	24595	0	22369	2017-03-30 17:13:06	40039	1490865186133	879
31	9	24595	0	35522	2017-03-30 17:13:06	40031	1490865186175	880
33	9	24595	0	29825	2017-03-30 17:13:06	40033	1490865186208	881
36	9	24595	0	704	2017-03-30 17:13:06	40036	1490865186242	882
43	9	24595	0	28695	2017-03-30 17:13:06	40043	1490865186476	883
77	9	24595	0	7160	2017-03-30 17:13:06	40077	1490865186521	884
74	9	24595	0	8522	2017-03-30 17:13:06	40074	1490865186611	885
42	9	24595	0	1339	2017-03-30 17:13:06	40042	1490865186752	886
123	9	24595	0	18887	2017-03-30 17:13:06	40123	1490865186785	887
118	9	24595	0	22085	2017-03-30 17:13:06	40118	1490865186849	888
139	9	24595	0	19553	2017-03-30 17:13:06	40139	1490865186877	889
122	9	24595	0	10908	2017-03-30 17:13:06	40122	1490865186910	890
126	9	24595	0	20609	2017-03-30 17:13:06	40126	1490865186944	891
134	9	24595	0	8056	2017-03-30 17:13:06	40134	1490865186977	892
127	9	24595	0	18699	2017-03-30 17:13:07	40127	1490865187010	893
131	9	24595	0	19905	2017-03-30 17:13:07	40131	1490865187044	894
47	9	24595	0	2680	2017-03-30 17:13:07	40047	1490865187077	895
121	9	24595	0	19379	2017-03-30 17:13:07	40121	1490865187110	896
124	9	24595	0	22769	2017-03-30 17:13:07	40124	1490865187144	897
117	9	24598	0	9772	2017-03-30 17:13:07	40117	1490865187177	898
133	9	24595	0	12600	2017-03-30 17:13:07	40133	1490865187228	899
128	9	24595	0	7887	2017-03-30 17:13:07	40128	1490865187261	900
138	9	24595	0	17365	2017-03-30 17:13:07	40138	1490865187294	901
115	9	24595	0	19871	2017-03-30 17:13:07	40115	1490865187328	902
116	9	24596	0	11851	2017-03-30 17:13:07	40116	1490865187361	903
63	9	24595	0	8049	2017-03-30 17:13:07	40063	1490865187394	904
64	9	24595	0	9160	2017-03-30 17:13:07	40064	1490865187436	905
75	9	24595	0	17451	2017-03-30 17:13:07	40075	1490865187478	906
70	9	24595	0	7336	2017-03-30 17:13:07	40070	1490865187519	907
129	9	24595	0	13494	2017-03-30 17:13:07	40129	1490865187561	908
69	9	24595	0	20911	2017-03-30 17:13:07	40069	1490865187603	909
78	9	24595	0	17514	2017-03-30 17:13:07	40078	1490865187645	910
137	9	24595	0	9008	2017-03-30 17:13:07	40137	1490865187686	911
120	9	24595	0	20605	2017-03-30 17:13:07	40120	1490865187728	912
65	9	24595	0	16247	2017-03-30 17:13:07	40065	1490865187770	913
68	9	24595	0	26059	2017-03-30 17:13:07	40068	1490865187811	914
76	9	24595	0	8841	2017-03-30 17:13:07	40076	1490865187853	915
71	9	24595	0	460	2017-03-30 17:13:07	40071	1490865187895	916
83	9	24595	0	7323	2017-03-30 17:13:07	40083	1490865187937	917
119	9	24595	0	10083	2017-03-30 17:13:07	40119	1490865187978	918
41	9	24595	0	929	2017-03-30 17:13:08	40041	1490865188020	919
81	9	24595	0	8545	2017-03-30 17:13:08	40081	1490865188062	920
44	9	24595	0	5181	2017-03-30 17:13:08	40044	1490865188103	921
48	9	24595	0	3032	2017-03-30 17:13:08	40048	1490865188145	922
46	9	24595	0	34802	2017-03-30 17:13:08	40046	1490865188187	923
52	9	24595	0	3680	2017-03-30 17:13:08	40052	1490865188229	924
73	9	24595	0	9373	2017-03-30 17:13:08	40073	1490865188270	925
80	9	24595	0	16835	2017-03-30 17:13:08	40080	1490865188312	926
79	9	24595	0	26866	2017-03-30 17:13:08	40079	1490865188354	927
132	9	24595	0	21311	2017-03-30 17:13:08	40132	1490865188396	928
50	9	24595	0	22000	2017-03-30 17:13:08	40050	1490865188429	929
136	9	24595	0	21149	2017-03-30 17:13:08	40136	1490865188463	930
85	9	24595	0	7448	2017-03-30 17:13:08	40085	1490865188504	931
135	9	24595	0	19286	2017-03-30 17:13:08	40135	1490865188537	932
84	9	24595	0	9168	2017-03-30 17:13:08	40084	1490865188571	933
130	9	24595	0	8124	2017-03-30 17:13:08	40130	1490865188604	934
72	9	24595	0	44534	2017-03-30 17:13:08	40072	1490865188639	935
57	9	24595	0	11301	2017-03-30 17:13:08	40057	1490865188671	936
66	9	24595	0	7322	2017-03-30 17:13:08	40066	1490865188721	937
51	9	24595	0	16219	2017-03-30 17:13:08	40051	1490865188754	938
67	9	24595	0	54779	2017-03-30 17:13:08	40067	1490865188788	939
55	9	24595	0	36173	2017-03-30 17:13:08	40055	1490865188821	940
21	10	20499	0	783	2017-03-30 17:14:03	40021	1490865243869	941
14	10	20499	0	64581	2017-03-30 17:14:04	40014	1490865244122	942
22	10	20499	0	26757	2017-03-30 17:14:04	40022	1490865244156	943
12	10	20499	0	28130	2017-03-30 17:14:04	40012	1490865244189	944
18	10	20499	0	25883	2017-03-30 17:14:04	40018	1490865244222	945
8	10	20499	0	47013	2017-03-30 17:14:04	40008	1490865244273	946
20	10	20499	0	46162	2017-03-30 17:14:04	40020	1490865244306	947
19	10	20499	0	43358	2017-03-30 17:14:04	40019	1490865244339	948
10	10	20500	0	4414	2017-03-30 17:14:04	40010	1490865244373	949
3	10	20499	0	3533	2017-03-30 17:14:04	40003	1490865244406	950
17	10	20499	0	1357	2017-03-30 17:14:04	40017	1490865244516	951
13	10	20499	0	11261	2017-03-30 17:14:04	40013	1490865244549	952
4	10	20499	0	62358	2017-03-30 17:14:04	40004	1490865244616	953
6	10	20499	0	47502	2017-03-30 17:14:04	40006	1490865244658	954
2	10	20499	0	13290	2017-03-30 17:14:04	40002	1490865244699	955
11	10	20499	0	17253	2017-03-30 17:14:04	40011	1490865244741	956
15	10	20499	0	13060	2017-03-30 17:14:04	40015	1490865244783	957
7	10	20499	0	3051	2017-03-30 17:14:04	40007	1490865244824	958
1	10	20501	1	1363	2017-03-30 17:14:04	40001	1490865244866	959
40	10	20499	0	39910	2017-03-30 17:14:05	40040	1490865245498	960
24	10	20499	0	32269	2017-03-30 17:14:05	40024	1490865245677	961
28	10	20499	0	3576	2017-03-30 17:14:05	40028	1490865245717	962
59	10	20499	0	36716	2017-03-30 17:14:05	40059	1490865245767	963
37	10	20499	0	23781	2017-03-30 17:14:05	40037	1490865245816	964
39	10	20499	0	22369	2017-03-30 17:14:05	40039	1490865245859	965
35	10	20499	0	2899	2017-03-30 17:14:05	40035	1490865245900	966
25	10	20499	0	35305	2017-03-30 17:14:05	40025	1490865245942	967
36	10	20499	0	704	2017-03-30 17:14:05	40036	1490865245984	968
32	10	20499	0	23192	2017-03-30 17:14:06	40032	1490865246025	969
38	10	20499	0	39063	2017-03-30 17:14:06	40038	1490865246059	970
26	10	20499	0	40225	2017-03-30 17:14:06	40026	1490865246092	971
31	10	20499	0	37557	2017-03-30 17:14:06	40031	1490865246126	972
34	10	20499	0	15306	2017-03-30 17:14:06	40034	1490865246159	973
30	10	20499	0	29601	2017-03-30 17:14:06	40030	1490865246192	974
33	10	20499	0	30873	2017-03-30 17:14:06	40033	1490865246252	975
27	10	20499	0	11073	2017-03-30 17:14:06	40027	1490865246284	976
43	10	20499	0	29419	2017-03-30 17:14:06	40043	1490865246475	977
77	10	20499	0	7883	2017-03-30 17:14:06	40077	1490865246519	978
74	10	20499	0	9549	2017-03-30 17:14:06	40074	1490865246616	979
42	10	20499	0	1339	2017-03-30 17:14:06	40042	1490865246754	980
123	10	20499	0	20647	2017-03-30 17:14:06	40123	1490865246793	981
122	10	20499	0	11663	2017-03-30 17:14:06	40122	1490865246852	982
118	10	20499	0	24117	2017-03-30 17:14:06	40118	1490865246885	983
139	10	20499	0	21411	2017-03-30 17:14:06	40139	1490865246918	984
119	10	20499	0	10993	2017-03-30 17:14:06	40119	1490865246951	985
128	10	20499	0	8595	2017-03-30 17:14:06	40128	1490865246985	986
130	10	20499	0	8832	2017-03-30 17:14:07	40130	1490865247035	987
136	10	20499	0	23254	2017-03-30 17:14:07	40136	1490865247068	988
134	10	20499	0	8873	2017-03-30 17:14:07	40134	1490865247102	989
126	10	20499	0	22527	2017-03-30 17:14:07	40126	1490865247135	990
135	10	20499	0	21027	2017-03-30 17:14:07	40135	1490865247168	991
127	10	20499	0	20411	2017-03-30 17:14:07	40127	1490865247202	992
115	10	20499	0	21725	2017-03-30 17:14:07	40115	1490865247235	993
47	10	20499	0	2680	2017-03-30 17:14:07	40047	1490865247269	994
133	10	20499	0	13749	2017-03-30 17:14:07	40133	1490865247302	995
116	10	20499	0	12764	2017-03-30 17:14:07	40116	1490865247335	996
85	10	20499	0	8156	2017-03-30 17:14:07	40085	1490865247369	997
65	10	20499	0	21822	2017-03-30 17:14:07	40065	1490865247402	998
55	10	20499	0	38026	2017-03-30 17:14:07	40055	1490865247435	999
70	10	20499	0	8061	2017-03-30 17:14:07	40070	1490865247469	1000
83	10	20499	0	8045	2017-03-30 17:14:07	40083	1490865247502	1001
76	10	20499	0	8841	2017-03-30 17:14:07	40076	1490865247536	1002
138	10	20499	0	19047	2017-03-30 17:14:07	40138	1490865247569	1003
66	10	20499	0	8081	2017-03-30 17:14:07	40066	1490865247602	1004
41	10	20499	0	929	2017-03-30 17:14:07	40041	1490865247636	1005
69	10	20499	0	23026	2017-03-30 17:14:07	40069	1490865247669	1006
132	10	20499	0	23408	2017-03-30 17:14:07	40132	1490865247703	1007
75	10	20499	0	18548	2017-03-30 17:14:07	40075	1490865247736	1008
117	10	20499	0	10673	2017-03-30 17:14:07	40117	1490865247769	1009
71	10	20499	0	460	2017-03-30 17:14:07	40071	1490865247803	1010
129	10	20499	0	14296	2017-03-30 17:14:07	40129	1490865247836	1011
80	10	20499	0	17607	2017-03-30 17:14:07	40080	1490865247870	1012
72	10	20499	0	45306	2017-03-30 17:14:07	40072	1490865247903	1013
78	10	20499	0	18924	2017-03-30 17:14:07	40078	1490865247936	1014
67	10	20499	0	59027	2017-03-30 17:14:07	40067	1490865247970	1015
63	10	20499	0	8789	2017-03-30 17:14:08	40063	1490865248003	1016
46	10	20499	0	36473	2017-03-30 17:14:08	40046	1490865248037	1017
73	10	20499	0	10185	2017-03-30 17:14:08	40073	1490865248087	1018
124	10	20499	0	25052	2017-03-30 17:14:08	40124	1490865248120	1019
137	10	20499	0	9947	2017-03-30 17:14:08	40137	1490865248153	1020
84	10	20499	0	10015	2017-03-30 17:14:08	40084	1490865248187	1021
52	10	20499	0	3680	2017-03-30 17:14:08	40052	1490865248220	1022
131	10	20499	0	21737	2017-03-30 17:14:08	40131	1490865248253	1023
81	10	20499	0	9316	2017-03-30 17:14:08	40081	1490865248295	1024
64	10	20499	0	10071	2017-03-30 17:14:08	40064	1490865248329	1025
50	10	20499	0	22000	2017-03-30 17:14:08	40050	1490865248362	1026
51	10	20499	0	16219	2017-03-30 17:14:08	40051	1490865248395	1027
68	10	20499	0	26851	2017-03-30 17:14:08	40068	1490865248430	1028
48	10	20499	0	3032	2017-03-30 17:14:08	40048	1490865248462	1029
79	10	20499	0	28677	2017-03-30 17:14:08	40079	1490865248496	1030
121	10	20499	0	21245	2017-03-30 17:14:08	40121	1490865248529	1031
120	10	20499	0	22513	2017-03-30 17:14:08	40120	1490865248562	1032
44	10	20499	0	5181	2017-03-30 17:14:08	40044	1490865248596	1033
57	10	20499	0	11301	2017-03-30 17:14:08	40057	1490865248630	1034
21	11	16403	0	783	2017-03-30 17:15:03	40021	1490865303866	1035
3	11	16403	0	3533	2017-03-30 17:15:03	40003	1490865303998	1036
14	11	16403	1	4721	2017-03-30 17:15:04	40014	1490865304082	1037
12	11	16403	0	30030	2017-03-30 17:15:04	40012	1490865304114	1038
20	11	16403	0	46162	2017-03-30 17:15:04	40020	1490865304148	1039
7	11	16404	0	3051	2017-03-30 17:15:04	40007	1490865304181	1040
15	11	16403	0	13060	2017-03-30 17:15:04	40015	1490865304215	1041
22	11	16403	0	28558	2017-03-30 17:15:04	40022	1490865304248	1042
8	11	16403	0	49197	2017-03-30 17:15:04	40008	1490865304281	1043
4	11	16403	1	2563	2017-03-30 17:15:04	40004	1490865304315	1044
11	11	16403	0	17253	2017-03-30 17:15:04	40011	1490865304348	1045
6	11	16403	0	49511	2017-03-30 17:15:04	40006	1490865304382	1046
10	11	16403	0	4414	2017-03-30 17:15:04	40010	1490865304415	1047
19	11	16403	0	45311	2017-03-30 17:15:04	40019	1490865304482	1048
13	11	16403	0	11261	2017-03-30 17:15:04	40013	1490865304515	1049
17	11	16403	0	1357	2017-03-30 17:15:04	40017	1490865304548	1050
2	11	16403	0	13290	2017-03-30 17:15:04	40002	1490865304615	1051
18	11	16404	0	25883	2017-03-30 17:15:04	40018	1490865304749	1052
1	11	16405	1	7804	2017-03-30 17:15:04	40001	1490865304782	1053
40	11	16403	0	41861	2017-03-30 17:15:05	40040	1490865305505	1054
28	11	16403	0	3576	2017-03-30 17:15:05	40028	1490865305671	1055
24	11	16403	0	33712	2017-03-30 17:15:05	40024	1490865305700	1056
59	11	16403	0	38494	2017-03-30 17:15:05	40059	1490865305733	1057
37	11	16405	0	23781	2017-03-30 17:15:05	40037	1490865305817	1058
38	11	16403	0	40550	2017-03-30 17:15:05	40038	1490865305850	1059
26	11	16403	0	42035	2017-03-30 17:15:05	40026	1490865305883	1060
30	11	16403	0	30752	2017-03-30 17:15:05	40030	1490865305917	1061
34	11	16403	0	17428	2017-03-30 17:15:05	40034	1490865305950	1062
32	11	16403	0	25498	2017-03-30 17:15:05	40032	1490865305983	1063
35	11	16405	0	2899	2017-03-30 17:15:06	40035	1490865306017	1064
39	11	16403	0	22369	2017-03-30 17:15:06	40039	1490865306050	1065
27	11	16403	0	11073	2017-03-30 17:15:06	40027	1490865306083	1066
25	11	16403	0	36920	2017-03-30 17:15:06	40025	1490865306117	1067
33	11	16403	0	32110	2017-03-30 17:15:06	40033	1490865306150	1068
36	11	16403	0	704	2017-03-30 17:15:06	40036	1490865306184	1069
31	11	16403	0	39757	2017-03-30 17:15:06	40031	1490865306217	1070
43	11	16403	0	30370	2017-03-30 17:15:06	40043	1490865306474	1071
77	11	16403	0	8604	2017-03-30 17:15:06	40077	1490865306526	1072
74	11	16403	0	10494	2017-03-30 17:15:06	40074	1490865306604	1073
42	11	16403	0	1339	2017-03-30 17:15:06	40042	1490865306739	1074
123	11	16403	0	22489	2017-03-30 17:15:06	40123	1490865306778	1075
122	11	16403	0	12385	2017-03-30 17:15:06	40122	1490865306854	1076
138	11	16403	0	20839	2017-03-30 17:15:06	40138	1490865306948	1077
85	11	16403	0	8864	2017-03-30 17:15:07	40085	1490865307020	1078
133	11	16403	0	14791	2017-03-30 17:15:07	40133	1490865307069	1079
130	11	16403	0	9540	2017-03-30 17:15:07	40130	1490865307102	1080
116	11	16403	0	13622	2017-03-30 17:15:07	40116	1490865307136	1081
127	11	16403	0	21899	2017-03-30 17:15:07	40127	1490865307169	1082
115	11	16403	0	23591	2017-03-30 17:15:07	40115	1490865307202	1083
135	11	16403	0	22859	2017-03-30 17:15:07	40135	1490865307236	1084
55	11	16403	0	40315	2017-03-30 17:15:07	40055	1490865307294	1085
80	11	16403	0	18397	2017-03-30 17:15:07	40080	1490865307328	1086
81	11	16403	0	10039	2017-03-30 17:15:07	40081	1490865307361	1087
71	11	16403	0	460	2017-03-30 17:15:07	40071	1490865307394	1088
70	11	16403	0	8786	2017-03-30 17:15:07	40070	1490865307428	1089
139	11	16403	0	23377	2017-03-30 17:15:07	40139	1490865307461	1090
69	11	16403	0	25033	2017-03-30 17:15:07	40069	1490865307495	1091
78	11	16403	0	20474	2017-03-30 17:15:07	40078	1490865307528	1092
121	11	16403	0	23202	2017-03-30 17:15:07	40121	1490865307561	1093
118	11	16403	0	26058	2017-03-30 17:15:07	40118	1490865307595	1094
75	11	16403	0	19598	2017-03-30 17:15:07	40075	1490865307628	1095
128	11	16403	0	9303	2017-03-30 17:15:07	40128	1490865307678	1096
120	11	16403	0	24544	2017-03-30 17:15:07	40120	1490865307712	1097
64	11	16403	0	10909	2017-03-30 17:15:07	40064	1490865307745	1098
47	11	16403	0	2680	2017-03-30 17:15:07	40047	1490865307778	1099
134	11	16403	0	9682	2017-03-30 17:15:07	40134	1490865307812	1100
126	11	16403	0	24510	2017-03-30 17:15:07	40126	1490865307854	1101
84	11	16403	0	10960	2017-03-30 17:15:07	40084	1490865307887	1102
46	11	16403	0	38175	2017-03-30 17:15:07	40046	1490865307920	1103
41	11	16403	0	929	2017-03-30 17:15:07	40041	1490865307954	1104
136	11	16403	0	25240	2017-03-30 17:15:07	40136	1490865307987	1105
83	11	16403	0	8768	2017-03-30 17:15:08	40083	1490865308020	1106
76	11	16403	0	8841	2017-03-30 17:15:08	40076	1490865308054	1107
72	11	16403	0	46079	2017-03-30 17:15:08	40072	1490865308087	1108
63	11	16403	0	9497	2017-03-30 17:15:08	40063	1490865308129	1109
119	11	16403	0	11909	2017-03-30 17:15:08	40119	1490865308171	1110
52	11	16403	0	3680	2017-03-30 17:15:08	40052	1490865308212	1111
137	11	16403	0	10692	2017-03-30 17:15:08	40137	1490865308254	1112
67	11	16403	1	1466	2017-03-30 17:15:08	40067	1490865308296	1113
48	11	16403	0	3032	2017-03-30 17:15:08	40048	1490865308337	1114
68	11	16403	0	27618	2017-03-30 17:15:08	40068	1490865308379	1115
51	11	16403	0	16219	2017-03-30 17:15:08	40051	1490865308421	1116
50	11	16403	0	22000	2017-03-30 17:15:08	40050	1490865308463	1117
65	11	16403	0	25779	2017-03-30 17:15:08	40065	1490865308504	1118
66	11	16403	0	8804	2017-03-30 17:15:08	40066	1490865308548	1119
129	11	16403	0	15072	2017-03-30 17:15:08	40129	1490865308588	1120
117	11	16403	0	11636	2017-03-30 17:15:08	40117	1490865308630	1121
79	11	16403	0	30629	2017-03-30 17:15:08	40079	1490865308671	1122
44	11	16403	0	5181	2017-03-30 17:15:08	40044	1490865308706	1123
132	11	16403	0	25440	2017-03-30 17:15:08	40132	1490865308739	1124
124	11	16403	0	27322	2017-03-30 17:15:08	40124	1490865308773	1125
73	11	16403	0	10958	2017-03-30 17:15:08	40073	1490865308806	1126
131	11	16403	0	23520	2017-03-30 17:15:08	40131	1490865308840	1127
57	11	16403	0	11301	2017-03-30 17:15:08	40057	1490865308873	1128
