nodeid	seq_no	src_id	rec_time_h	rec_time_l	hop_delay_h	hop_delay_l	insert_time	motelabMoteID	milli_time	motelabSeqNo
10	1	1	0	40723	0	41004	2017-03-30 17:03:43	40010	1490864623997	1
7	1	1	0	40724	0	40992	2017-03-30 17:03:44	40007	1490864624031	2
4	1	1	0	40724	0	41002	2017-03-30 17:03:44	40004	1490864624064	3
14	1	1	0	41243	0	41275	2017-03-30 17:03:44	40014	1490864624257	4
18	1	1	0	41260	0	41446	2017-03-30 17:03:44	40018	1490864624395	5
64	1	7	0	38053	0	41227	2017-03-30 17:03:44	40064	1490864624447	6
13	1	10	0	41431	0	41232	2017-03-30 17:03:44	40013	1490864624497	7
71	1	7	0	38051	0	41325	2017-03-30 17:03:44	40071	1490864624536	8
65	1	7	0	38066	0	41328	2017-03-30 17:03:44	40065	1490864624581	9
35	1	14	0	39850	0	41810	2017-03-30 17:03:44	40035	1490864624825	10
21	1	14	0	41979	0	41888	2017-03-30 17:03:44	40021	1490864624890	11
3	1	14	0	41910	0	41867	2017-03-30 17:03:44	40003	1490864624923	12
72	1	10	0	38581	0	41721	2017-03-30 17:03:44	40072	1490864624956	13
67	1	14	0	38719	0	42104	2017-03-30 17:03:45	40067	1490864625109	14
15	1	14	0	41969	0	42212	2017-03-30 17:03:45	40015	1490864625184	15
33	1	35	0	40303	0	40294	2017-03-30 17:03:45	40033	1490864625224	16
37	1	14	0	40314	0	42222	2017-03-30 17:03:45	40037	1490864625256	17
2	1	21	0	42034	0	42335	2017-03-30 17:03:45	40002	1490864625290	18
36	1	35	0	40354	0	40384	2017-03-30 17:03:45	40036	1490864625323	19
38	1	35	0	40351	0	40302	2017-03-30 17:03:45	40038	1490864625356	20
11	1	13	0	42350	0	42455	2017-03-30 17:03:45	40011	1490864625465	21
22	1	21	0	42400	0	42640	2017-03-30 17:03:45	40022	1490864625545	22
28	1	35	0	40866	0	40673	2017-03-30 17:03:45	40028	1490864625633	23
19	1	21	0	42549	0	42805	2017-03-30 17:03:45	40019	1490864625673	24
8	1	3	0	42445	0	42811	2017-03-30 17:03:45	40008	1490864625757	25
42	1	38	0	39961	0	40902	2017-03-30 17:03:45	40042	1490864625790	26
6	1	3	0	42496	0	42816	2017-03-30 17:03:45	40006	1490864625840	27
30	1	38	0	40871	0	40924	2017-03-30 17:03:45	40030	1490864625874	28
39	1	38	0	40954	0	40986	2017-03-30 17:03:45	40039	1490864625907	29
40	1	28	0	41562	0	41367	2017-03-30 17:03:46	40040	1490864626097	30
20	1	11	0	42996	0	43010	2017-03-30 17:03:46	40020	1490864626132	31
17	1	39	0	43068	0	41324	2017-03-30 17:03:46	40017	1490864626257	32
26	1	19	0	41413	0	43204	2017-03-30 17:03:46	40026	1490864626321	33
41	1	30	0	40065	0	41518	2017-03-30 17:03:46	40041	1490864626439	34
43	1	30	0	40892	0	41490	2017-03-30 17:03:46	40043	1490864626474	35
12	1	22	0	43507	0	43427	2017-03-30 17:03:46	40012	1490864626513	36
25	1	28	0	41699	0	41879	2017-03-30 17:03:46	40025	1490864626591	37
44	1	30	0	39592	0	41818	2017-03-30 17:03:46	40044	1490864626721	38
52	1	33	0	39479	0	41849	2017-03-30 17:03:46	40052	1490864626749	39
78	1	17	0	40184	0	43554	2017-03-30 17:03:46	40078	1490864626783	40
76	1	43	0	40410	0	41425	2017-03-30 17:03:46	40076	1490864626965	41
57	1	43	0	39196	0	41423	2017-03-30 17:03:47	40057	1490864627016	42
75	1	2	0	40405	0	43786	2017-03-30 17:03:47	40075	1490864627050	43
48	1	43	0	40011	0	41541	2017-03-30 17:03:47	40048	1490864627083	44
51	1	43	0	39541	0	41478	2017-03-30 17:03:47	40051	1490864627133	45
80	1	41	0	40788	0	40779	2017-03-30 17:03:47	40080	1490864627166	46
59	1	43	0	42426	0	41633	2017-03-30 17:03:47	40059	1490864627200	47
46	1	41	0	40246	0	40854	2017-03-30 17:03:47	40046	1490864627233	48
68	1	43	0	40732	0	41711	2017-03-30 17:03:47	40068	1490864627266	49
79	1	44	0	41086	0	40473	2017-03-30 17:03:47	40079	1490864627625	50
47	1	48	0	42846	0	41775	2017-03-30 17:03:48	40047	1490864628777	51
50	1	46	0	41781	0	42237	2017-03-30 17:03:49	40050	1490864629197	52
27	1	47	0	44587	0	43503	2017-03-30 17:03:49	40027	1490864629420	53
55	1	46	0	43744	0	43123	2017-03-30 17:03:50	40055	1490864630026	54
31	1	27	0	45416	0	45399	2017-03-30 17:03:50	40031	1490864630213	55
24	1	27	0	46049	0	45826	2017-03-30 17:03:50	40024	1490864630681	56
7	2	1	0	61533	0	61800	2017-03-30 17:04:04	40007	1490864644485	57
18	2	1	0	61476	0	61662	2017-03-30 17:04:04	40018	1490864644610	58
10	2	1	0	61502	0	61783	2017-03-30 17:04:04	40010	1490864644652	59
14	2	1	0	61813	0	61846	2017-03-30 17:04:04	40014	1490864644794	60
19	2	18	0	62122	0	62138	2017-03-30 17:04:04	40019	1490864644836	61
21	2	18	0	62235	0	61991	2017-03-30 17:04:04	40021	1490864644919	62
65	2	1	0	58814	0	62349	2017-03-30 17:04:04	40065	1490864644952	63
13	2	18	0	62264	0	62161	2017-03-30 17:04:04	40013	1490864644986	64
4	2	1	0	61563	0	61841	2017-03-30 17:04:05	40004	1490864645019	65
71	2	4	0	58663	0	61927	2017-03-30 17:04:05	40071	1490864645053	66
3	2	18	0	62630	0	62433	2017-03-30 17:04:05	40003	1490864645086	67
37	2	18	0	60705	0	62459	2017-03-30 17:04:05	40037	1490864645119	68
33	2	18	0	60602	0	62406	2017-03-30 17:04:05	40033	1490864645153	69
8	2	18	0	62317	0	62491	2017-03-30 17:04:05	40008	1490864645186	70
17	2	19	0	62411	0	62452	2017-03-30 17:04:05	40017	1490864645219	71
72	2	10	0	59410	0	62550	2017-03-30 17:04:05	40072	1490864645289	72
67	2	14	0	59501	0	62885	2017-03-30 17:04:05	40067	1490864645360	73
35	2	14	0	60933	0	62893	2017-03-30 17:04:05	40035	1490864645395	74
11	2	13	0	62771	0	62876	2017-03-30 17:04:05	40011	1490864645428	75
26	2	19	0	60946	0	62737	2017-03-30 17:04:05	40026	1490864645461	76
20	2	13	0	62721	0	62845	2017-03-30 17:04:05	40020	1490864645495	77
36	2	37	0	61044	0	61126	2017-03-30 17:04:05	40036	1490864645562	78
15	2	8	0	63202	0	63112	2017-03-30 17:04:06	40015	1490864646112	79
6	2	11	0	63195	0	63312	2017-03-30 17:04:06	40006	1490864646229	80
28	2	35	0	61726	0	61533	2017-03-30 17:04:06	40028	1490864646329	81
42	2	28	0	60988	0	62073	2017-03-30 17:04:06	40042	1490864646363	82
38	2	37	0	62010	0	62014	2017-03-30 17:04:06	40038	1490864646396	83
25	2	28	0	62075	0	62256	2017-03-30 17:04:06	40025	1490864646482	84
30	2	37	0	62146	0	62207	2017-03-30 17:04:06	40030	1490864646566	85
32	2	33	0	62238	0	62241	2017-03-30 17:04:06	40032	1490864646645	86
40	2	38	0	62903	0	62564	2017-03-30 17:04:06	40040	1490864646930	87
41	2	30	0	61185	0	62638	2017-03-30 17:04:07	40041	1490864647064	88
39	2	38	0	62512	0	62544	2017-03-30 17:04:07	40039	1490864647239	89
34	2	32	0	62898	0	62889	2017-03-30 17:04:07	40034	1490864647306	90
48	2	30	0	60694	0	62827	2017-03-30 17:04:07	40048	1490864647924	91
51	2	40	0	60427	0	63358	2017-03-30 17:04:08	40051	1490864648024	92
47	2	40	0	62220	0	63678	2017-03-30 17:04:08	40047	1490864648224	93
57	2	40	0	60501	0	63723	2017-03-30 17:04:08	40057	1490864648349	94
43	2	30	0	62549	0	63147	2017-03-30 17:04:08	40043	1490864648416	95
46	2	40	0	61265	0	63723	2017-03-30 17:04:08	40046	1490864648533	96
55	2	46	0	62832	0	62211	2017-03-30 17:04:08	40055	1490864648775	97
59	2	44	0	63930	0	61509	2017-03-30 17:04:08	40059	1490864648975	98
68	2	43	0	62988	0	63967	2017-03-30 17:04:09	40068	1490864649009	99
44	2	30	0	60601	0	62827	2017-03-30 17:04:09	40044	1490864649042	100
50	2	46	0	62056	0	62513	2017-03-30 17:04:09	40050	1490864649075	101
24	2	46	0	64818	0	62518	2017-03-30 17:04:09	40024	1490864649109	102
52	2	32	0	60707	0	63068	2017-03-30 17:04:09	40052	1490864649142	103
27	2	46	0	64565	0	62483	2017-03-30 17:04:09	40027	1490864649175	104
76	2	44	0	62003	0	61390	2017-03-30 17:04:09	40076	1490864649276	105
79	2	44	0	62671	0	62058	2017-03-30 17:04:09	40079	1490864649309	106
31	2	27	0	65287	0	65270	2017-03-30 17:04:09	40031	1490864649625	107
71	3	1	1	12874	1	16420	2017-03-30 17:04:24	40071	1490864664002	108
18	3	1	1	16240	1	16425	2017-03-30 17:04:24	40018	1490864664035	109
7	3	1	1	16145	1	16413	2017-03-30 17:04:24	40007	1490864664069	110
10	3	1	1	16295	1	16576	2017-03-30 17:04:24	40010	1490864664102	111
11	3	1	1	16467	1	16664	2017-03-30 17:04:24	40011	1490864664185	112
14	3	1	1	16740	1	16772	2017-03-30 17:04:24	40014	1490864664293	113
3	3	18	1	16850	1	16654	2017-03-30 17:04:24	40003	1490864664365	114
21	3	18	1	16903	1	16659	2017-03-30 17:04:24	40021	1490864664394	115
37	3	18	1	14957	1	16711	2017-03-30 17:04:24	40037	1490864664427	116
72	3	10	1	13687	1	16827	2017-03-30 17:04:24	40072	1490864664624	117
4	3	10	1	16858	1	16849	2017-03-30 17:04:24	40004	1490864664653	118
35	3	18	1	15153	1	16960	2017-03-30 17:04:24	40035	1490864664686	119
20	3	11	1	16979	1	16993	2017-03-30 17:04:24	40020	1490864664719	120
8	3	18	1	16869	1	17043	2017-03-30 17:04:24	40008	1490864664753	121
13	3	11	1	17135	1	17021	2017-03-30 17:04:24	40013	1490864664786	122
36	3	37	1	15236	1	15319	2017-03-30 17:04:24	40036	1490864664819	123
28	3	37	1	15464	1	15324	2017-03-30 17:04:24	40028	1490864664853	124
6	3	11	1	17144	1	17261	2017-03-30 17:04:24	40006	1490864664969	125
67	3	14	1	14151	1	17536	2017-03-30 17:04:25	40067	1490864665075	126
15	3	8	1	17355	1	17265	2017-03-30 17:04:25	40015	1490864665133	127
38	3	37	1	15870	1	15875	2017-03-30 17:04:25	40038	1490864665326	128
26	3	37	1	15831	1	15885	2017-03-30 17:04:25	40026	1490864665362	129
30	3	37	1	15959	1	16020	2017-03-30 17:04:25	40030	1490864665460	130
42	3	38	1	15337	1	16277	2017-03-30 17:04:25	40042	1490864665727	131
19	3	26	1	18184	1	16383	2017-03-30 17:04:25	40019	1490864665873	132
43	3	38	1	15826	1	16482	2017-03-30 17:04:25	40043	1490864665921	133
41	3	30	1	15009	1	16461	2017-03-30 17:04:25	40041	1490864665967	134
48	3	30	1	14359	1	16492	2017-03-30 17:04:25	40048	1490864665995	135
44	3	43	1	14586	1	16208	2017-03-30 17:04:26	40044	1490864666301	136
46	3	43	1	14746	1	16208	2017-03-30 17:04:26	40046	1490864666396	137
57	3	43	1	14050	1	16276	2017-03-30 17:04:26	40057	1490864666445	138
76	3	43	1	15196	1	16211	2017-03-30 17:04:26	40076	1490864666479	139
17	3	19	1	18606	1	18647	2017-03-30 17:04:26	40017	1490864666512	140
39	3	38	1	17104	1	17136	2017-03-30 17:04:26	40039	1490864666560	141
40	3	38	1	17470	1	17131	2017-03-30 17:04:26	40040	1490864666587	142
47	3	44	1	16067	1	14902	2017-03-30 17:04:26	40047	1490864666621	143
52	3	46	1	14785	1	15069	2017-03-30 17:04:26	40052	1490864666654	144
50	3	46	1	14661	1	15118	2017-03-30 17:04:26	40050	1490864666687	145
59	3	43	1	17373	1	16581	2017-03-30 17:04:26	40059	1490864666721	146
51	3	43	1	14739	1	16676	2017-03-30 17:04:26	40051	1490864666763	147
27	3	46	1	17510	1	15428	2017-03-30 17:04:26	40027	1490864666981	148
55	3	46	1	16133	1	15511	2017-03-30 17:04:27	40055	1490864667054	149
68	3	43	1	16121	1	17100	2017-03-30 17:04:27	40068	1490864667173	150
31	3	27	1	17874	1	17857	2017-03-30 17:04:27	40031	1490864667322	151
24	3	27	1	18269	1	18047	2017-03-30 17:04:27	40024	1490864667498	152
33	3	31	1	18474	1	18472	2017-03-30 17:04:27	40033	1490864667909	153
10	4	1	1	36611	1	36892	2017-03-30 17:04:44	40010	1490864684004	154
7	4	1	1	36625	1	36892	2017-03-30 17:04:44	40007	1490864684037	155
14	4	1	1	37054	1	37086	2017-03-30 17:04:44	40014	1490864684129	156
18	4	1	1	37157	1	37342	2017-03-30 17:04:44	40018	1490864684381	157
4	4	1	1	37167	1	37445	2017-03-30 17:04:44	40004	1490864684481	158
21	4	18	1	37832	1	37588	2017-03-30 17:04:44	40021	1490864684805	159
71	4	4	1	34259	1	37523	2017-03-30 17:04:44	40071	1490864684838	160
15	4	18	1	37513	1	37603	2017-03-30 17:04:44	40015	1490864684871	161
8	4	18	1	37475	1	37648	2017-03-30 17:04:44	40008	1490864684905	162
35	4	18	1	35785	1	37593	2017-03-30 17:04:44	40035	1490864684938	163
33	4	18	1	35872	1	37676	2017-03-30 17:04:44	40033	1490864684971	164
13	4	18	1	37849	1	37746	2017-03-30 17:04:45	40013	1490864685005	165
19	4	18	1	37742	1	37759	2017-03-30 17:04:45	40019	1490864685038	166
3	4	18	1	37786	1	37591	2017-03-30 17:04:45	40003	1490864685071	167
11	4	4	1	37962	1	37877	2017-03-30 17:04:45	40011	1490864685177	168
37	4	14	1	36281	1	38188	2017-03-30 17:04:45	40037	1490864685241	169
72	4	4	1	34857	1	38000	2017-03-30 17:04:45	40072	1490864685312	170
67	4	14	1	34876	1	38261	2017-03-30 17:04:45	40067	1490864685347	171
17	4	19	1	38178	1	38219	2017-03-30 17:04:45	40017	1490864685445	172
26	4	19	1	36503	1	38294	2017-03-30 17:04:45	40026	1490864685524	173
36	4	37	1	36612	1	36695	2017-03-30 17:04:45	40036	1490864685664	174
6	4	11	1	38362	1	38479	2017-03-30 17:04:45	40006	1490864685697	175
20	4	11	1	38530	1	38545	2017-03-30 17:04:45	40020	1490864685753	176
38	4	37	1	36869	1	36873	2017-03-30 17:04:45	40038	1490864685826	177
25	4	37	1	36917	1	36963	2017-03-30 17:04:45	40025	1490864685913	178
28	4	37	1	37107	1	36965	2017-03-30 17:04:45	40028	1490864685947	179
42	4	38	1	36332	1	37272	2017-03-30 17:04:46	40042	1490864686226	180
30	4	37	1	37644	1	37706	2017-03-30 17:04:46	40030	1490864686648	181
40	4	38	1	38077	1	37739	2017-03-30 17:04:46	40040	1490864686706	182
44	4	30	1	35772	1	37998	2017-03-30 17:04:46	40044	1490864686990	183
48	4	30	1	35865	1	37998	2017-03-30 17:04:47	40048	1490864687022	184
41	4	30	1	36545	1	37998	2017-03-30 17:04:47	40041	1490864687056	185
47	4	40	1	37082	1	38540	2017-03-30 17:04:47	40047	1490864687136	186
51	4	40	1	35832	1	38764	2017-03-30 17:04:47	40051	1490864687356	187
43	4	30	1	37832	1	38430	2017-03-30 17:04:47	40043	1490864687422	188
46	4	40	1	36486	1	38943	2017-03-30 17:04:47	40046	1490864687534	189
52	4	46	1	36726	1	37010	2017-03-30 17:04:48	40052	1490864688061	190
50	4	46	1	36658	1	37116	2017-03-30 17:04:48	40050	1490864688158	191
76	4	43	1	37601	1	38616	2017-03-30 17:04:48	40076	1490864688193	192
27	4	46	1	39305	1	37223	2017-03-30 17:04:48	40027	1490864688259	193
59	4	43	1	39512	1	38720	2017-03-30 17:04:48	40059	1490864688290	194
57	4	46	1	36632	1	37390	2017-03-30 17:04:48	40057	1490864688418	195
31	4	27	1	40046	1	40029	2017-03-30 17:04:48	40031	1490864688978	196
24	4	27	1	40514	1	40291	2017-03-30 17:04:49	40024	1490864689224	197
71	5	1	1	53845	1	57390	2017-03-30 17:05:04	40071	1490864704015	198
10	5	1	1	57207	1	57488	2017-03-30 17:05:04	40010	1490864704582	199
14	5	1	1	57519	1	57551	2017-03-30 17:05:04	40014	1490864704650	200
7	5	1	1	57108	1	57375	2017-03-30 17:05:04	40007	1490864704683	201
18	5	1	1	57351	1	57536	2017-03-30 17:05:04	40018	1490864704817	202
4	5	1	1	57525	1	57802	2017-03-30 17:05:04	40004	1490864704850	203
21	5	18	1	58199	1	57956	2017-03-30 17:05:04	40021	1490864704884	204
35	5	18	1	56158	1	57966	2017-03-30 17:05:04	40035	1490864704917	205
3	5	18	1	58151	1	57956	2017-03-30 17:05:04	40003	1490864704950	206
19	5	18	1	57956	1	57974	2017-03-30 17:05:05	40019	1490864705017	207
15	5	18	1	58178	1	58268	2017-03-30 17:05:05	40015	1490864705051	208
17	5	19	1	58318	1	58358	2017-03-30 17:05:05	40017	1490864705151	209
72	5	4	1	55093	1	58236	2017-03-30 17:05:05	40072	1490864705184	210
37	5	18	1	56699	1	58453	2017-03-30 17:05:05	40037	1490864705218	211
33	5	18	1	56637	1	58443	2017-03-30 17:05:05	40033	1490864705251	212
13	5	18	1	58405	1	58303	2017-03-30 17:05:05	40013	1490864705284	213
8	5	18	1	58274	1	58448	2017-03-30 17:05:05	40008	1490864705318	214
6	5	15	1	58629	1	58663	2017-03-30 17:05:05	40006	1490864705477	215
36	5	37	1	56964	1	57047	2017-03-30 17:05:05	40036	1490864705551	216
38	5	37	1	57060	1	57065	2017-03-30 17:05:05	40038	1490864705585	217
28	5	37	1	57263	1	57122	2017-03-30 17:05:05	40028	1490864705618	218
26	5	37	1	57100	1	57155	2017-03-30 17:05:05	40026	1490864705651	219
20	5	6	1	59204	1	59097	2017-03-30 17:05:06	40020	1490864706060	220
42	5	38	1	56567	1	57507	2017-03-30 17:05:06	40042	1490864706161	221
30	5	37	1	57352	1	57415	2017-03-30 17:05:06	40030	1490864706194	222
11	5	6	1	59426	1	59299	2017-03-30 17:05:06	40011	1490864706227	223
52	5	33	1	55099	1	57469	2017-03-30 17:05:06	40052	1490864706261	224
48	5	30	1	55574	1	57706	2017-03-30 17:05:06	40048	1490864706294	225
43	5	30	1	57141	1	57739	2017-03-30 17:05:06	40043	1490864706328	226
41	5	30	1	56254	1	57706	2017-03-30 17:05:06	40041	1490864706361	227
44	5	30	1	55478	1	57704	2017-03-30 17:05:06	40044	1490864706494	228
67	5	14	1	56263	1	59648	2017-03-30 17:05:06	40067	1490864706528	229
57	5	43	1	55350	1	57575	2017-03-30 17:05:06	40057	1490864706703	230
59	5	43	1	58444	1	57653	2017-03-30 17:05:06	40059	1490864706829	231
68	5	43	1	56709	1	57688	2017-03-30 17:05:07	40068	1490864707004	232
76	5	43	1	56703	1	57718	2017-03-30 17:05:07	40076	1490864707237	233
46	5	43	1	56348	1	57809	2017-03-30 17:05:07	40046	1490864707471	234
47	5	46	1	57848	1	56842	2017-03-30 17:05:07	40047	1490864707538	235
51	5	46	1	56608	1	57078	2017-03-30 17:05:07	40051	1490864707671	236
39	5	38	1	58877	1	58909	2017-03-30 17:05:07	40039	1490864707939	237
24	5	46	1	59984	1	57685	2017-03-30 17:05:08	40024	1490864708264	238
50	5	46	1	56431	1	56890	2017-03-30 17:05:08	40050	1490864708523	239
55	5	46	1	57747	1	57126	2017-03-30 17:05:09	40055	1490864709107	240
27	5	46	1	60438	1	58356	2017-03-30 17:05:09	40027	1490864709149	241
31	5	24	1	60381	1	60582	2017-03-30 17:05:09	40031	1490864709190	242
10	6	1	2	12035	2	12316	2017-03-30 17:05:23	40010	1490864723990	243
7	6	1	2	12049	2	12316	2017-03-30 17:05:24	40007	1490864724023	244
14	6	1	2	12372	2	12404	2017-03-30 17:05:24	40014	1490864724057	245
18	6	1	2	12225	2	12409	2017-03-30 17:05:24	40018	1490864724090	246
4	6	1	2	12433	2	12711	2017-03-30 17:05:24	40004	1490864724325	247
21	6	18	2	13019	2	12776	2017-03-30 17:05:24	40021	1490864724573	248
3	6	18	2	12974	2	12779	2017-03-30 17:05:24	40003	1490864724616	249
35	6	18	2	10970	2	12779	2017-03-30 17:05:24	40035	1490864724650	250
15	6	18	2	12917	2	13007	2017-03-30 17:05:24	40015	1490864724801	251
11	6	18	2	13080	2	13088	2017-03-30 17:05:24	40011	1490864724877	252
19	6	18	2	13080	2	13098	2017-03-30 17:05:24	40019	1490864724908	253
33	6	18	2	11335	2	13141	2017-03-30 17:05:24	40033	1490864724942	254
37	6	18	2	11391	2	13146	2017-03-30 17:05:24	40037	1490864724975	255
8	6	18	2	13002	2	13176	2017-03-30 17:05:25	40008	1490864725009	256
13	6	18	2	13287	2	13186	2017-03-30 17:05:25	40013	1490864725042	257
71	6	4	2	9833	2	13097	2017-03-30 17:05:25	40071	1490864725075	258
6	6	11	2	13322	2	13439	2017-03-30 17:05:25	40006	1490864725233	259
20	6	11	2	13478	2	13492	2017-03-30 17:05:25	40020	1490864725285	260
31	6	33	2	11717	2	11709	2017-03-30 17:05:25	40031	1490864725317	261
52	6	33	2	9426	2	11796	2017-03-30 17:05:25	40052	1490864725401	262
36	6	37	2	11825	2	11908	2017-03-30 17:05:25	40036	1490864725444	263
30	6	37	2	11973	2	12036	2017-03-30 17:05:25	40030	1490864725567	264
27	6	31	2	12100	2	12108	2017-03-30 17:05:25	40027	1490864725693	265
38	6	37	2	12172	2	12177	2017-03-30 17:05:25	40038	1490864725726	266
24	6	31	2	12357	2	12147	2017-03-30 17:05:25	40024	1490864725759	267
41	6	30	2	10786	2	12238	2017-03-30 17:05:25	40041	1490864725837	268
48	6	30	2	10109	2	12241	2017-03-30 17:05:25	40048	1490864725868	269
44	6	30	2	10056	2	12281	2017-03-30 17:05:25	40044	1490864725901	270
17	6	19	2	14123	2	14163	2017-03-30 17:05:25	40017	1490864725953	271
43	6	30	2	11922	2	12520	2017-03-30 17:05:26	40043	1490864726111	272
67	6	14	2	11148	2	14533	2017-03-30 17:05:26	40067	1490864726160	273
28	6	38	2	12801	2	12651	2017-03-30 17:05:26	40028	1490864726193	274
42	6	38	2	11708	2	12648	2017-03-30 17:05:26	40042	1490864726226	275
26	6	19	2	12666	2	14457	2017-03-30 17:05:26	40026	1490864726260	276
47	6	27	2	11501	2	12574	2017-03-30 17:05:26	40047	1490864726293	277
76	6	43	2	11202	2	12217	2017-03-30 17:05:26	40076	1490864726408	278
39	6	38	2	12986	2	13018	2017-03-30 17:05:26	40039	1490864726535	279
51	6	43	2	10415	2	12352	2017-03-30 17:05:26	40051	1490864726593	280
46	6	27	2	10964	2	13035	2017-03-30 17:05:26	40046	1490864726627	281
68	6	43	2	11471	2	12450	2017-03-30 17:05:26	40068	1490864726660	282
59	6	43	2	13390	2	12599	2017-03-30 17:05:26	40059	1490864726781	283
55	6	46	2	12439	2	11818	2017-03-30 17:05:27	40055	1490864727450	284
57	6	46	2	11239	2	11997	2017-03-30 17:05:27	40057	1490864727630	285
50	6	46	2	12249	2	12708	2017-03-30 17:05:28	40050	1490864728321	286
40	6	46	2	15178	2	12713	2017-03-30 17:05:28	40040	1490864728369	287
18	7	1	2	32645	2	32829	2017-03-30 17:05:44	40018	1490864744002	288
10	7	1	2	32515	2	32796	2017-03-30 17:05:44	40010	1490864744035	289
14	7	1	2	32855	2	32887	2017-03-30 17:05:44	40014	1490864744068	290
7	7	1	2	32529	2	32796	2017-03-30 17:05:44	40007	1490864744102	291
4	7	1	2	32675	2	32952	2017-03-30 17:05:44	40004	1490864744135	292
3	7	18	2	33334	2	33139	2017-03-30 17:05:44	40003	1490864744458	293
71	7	4	2	29788	2	33052	2017-03-30 17:05:44	40071	1490864744485	294
15	7	18	2	33048	2	33139	2017-03-30 17:05:44	40015	1490864744519	295
67	7	18	2	29976	2	33210	2017-03-30 17:05:44	40067	1490864744552	296
21	7	18	2	33379	2	33137	2017-03-30 17:05:44	40021	1490864744585	297
35	7	18	2	31333	2	33142	2017-03-30 17:05:44	40035	1490864744619	298
8	7	18	2	33129	2	33303	2017-03-30 17:05:44	40008	1490864744652	299
11	7	4	2	33363	2	33278	2017-03-30 17:05:44	40011	1490864744686	300
13	7	18	2	33240	2	33139	2017-03-30 17:05:44	40013	1490864744719	301
33	7	18	2	31721	2	33527	2017-03-30 17:05:44	40033	1490864744850	302
37	7	18	2	31785	2	33539	2017-03-30 17:05:44	40037	1490864744903	303
6	7	11	2	33628	2	33745	2017-03-30 17:05:45	40006	1490864745066	304
36	7	37	2	32011	2	32095	2017-03-30 17:05:45	40036	1490864745159	305
28	7	37	2	32236	2	32095	2017-03-30 17:05:45	40028	1490864745194	306
20	7	11	2	33863	2	33877	2017-03-30 17:05:45	40020	1490864745228	307
30	7	37	2	32170	2	32234	2017-03-30 17:05:45	40030	1490864745305	308
38	7	37	2	32305	2	32310	2017-03-30 17:05:45	40038	1490864745381	309
25	7	37	2	32505	2	32552	2017-03-30 17:05:45	40025	1490864745602	310
19	7	18	2	34348	2	34366	2017-03-30 17:05:45	40019	1490864745658	311
44	7	30	2	30353	2	32579	2017-03-30 17:05:45	40044	1490864745700	312
48	7	30	2	30446	2	32579	2017-03-30 17:05:45	40048	1490864745728	313
41	7	30	2	31127	2	32579	2017-03-30 17:05:45	40041	1490864745761	314
42	7	38	2	31815	2	32755	2017-03-30 17:05:45	40042	1490864745814	315
40	7	38	2	33116	2	32777	2017-03-30 17:05:45	40040	1490864745845	316
26	7	37	2	32732	2	32787	2017-03-30 17:05:45	40026	1490864745878	317
31	7	33	2	32886	2	32877	2017-03-30 17:05:45	40031	1490864745980	318
17	7	19	2	34837	2	34877	2017-03-30 17:05:46	40017	1490864746182	319
57	7	40	2	30303	2	33521	2017-03-30 17:05:46	40057	1490864746233	320
39	7	38	2	33148	2	33179	2017-03-30 17:05:46	40039	1490864746262	321
27	7	31	2	33241	2	33249	2017-03-30 17:05:46	40027	1490864746334	322
43	7	30	2	32641	2	33238	2017-03-30 17:05:46	40043	1490864746370	323
52	7	31	2	30920	2	33294	2017-03-30 17:05:46	40052	1490864746412	324
24	7	31	2	33577	2	33368	2017-03-30 17:05:46	40024	1490864746454	325
46	7	40	2	31379	2	33834	2017-03-30 17:05:46	40046	1490864746544	326
76	7	43	2	32080	2	33095	2017-03-30 17:05:46	40076	1490864746798	327
79	7	43	2	32098	2	33113	2017-03-30 17:05:46	40079	1490864746837	328
59	7	43	2	33979	2	33188	2017-03-30 17:05:46	40059	1490864746883	329
47	7	46	2	32737	2	31734	2017-03-30 17:05:46	40047	1490864746921	330
50	7	46	2	31370	2	31830	2017-03-30 17:05:46	40050	1490864746984	331
51	7	46	2	31463	2	31934	2017-03-30 17:05:47	40051	1490864747084	332
80	7	43	2	32566	2	33411	2017-03-30 17:05:47	40080	1490864747121	333
55	7	46	2	32847	2	32225	2017-03-30 17:05:47	40055	1490864747374	334
68	7	43	2	32765	2	33744	2017-03-30 17:05:47	40068	1490864747429	335
7	8	1	2	53011	2	53278	2017-03-30 17:06:03	40007	1490864763954	336
10	8	1	2	52997	2	53278	2017-03-30 17:06:04	40010	1490864764037	337
18	8	1	2	53555	2	53738	2017-03-30 17:06:04	40018	1490864764438	338
14	8	1	2	53663	2	53696	2017-03-30 17:06:04	40014	1490864764471	339
13	8	18	2	53985	2	53885	2017-03-30 17:06:04	40013	1490864764722	340
21	8	18	2	54126	2	53885	2017-03-30 17:06:04	40021	1490864764755	341
4	8	1	2	53511	2	53788	2017-03-30 17:06:04	40004	1490864764790	342
3	8	18	2	54079	2	53885	2017-03-30 17:06:04	40003	1490864764822	343
33	8	18	2	52091	2	53897	2017-03-30 17:06:04	40033	1490864764889	344
8	8	18	2	53711	2	53885	2017-03-30 17:06:04	40008	1490864764955	345
37	8	18	2	52397	2	54151	2017-03-30 17:06:04	40037	1490864764989	346
15	8	18	2	53793	2	53885	2017-03-30 17:06:05	40015	1490864765056	347
35	8	18	2	52075	2	53885	2017-03-30 17:06:05	40035	1490864765097	348
71	8	4	2	50779	2	54042	2017-03-30 17:06:05	40071	1490864765149	349
72	8	4	2	51055	2	54198	2017-03-30 17:06:05	40072	1490864765182	350
19	8	18	2	54228	2	54247	2017-03-30 17:06:05	40019	1490864765215	351
36	8	37	2	52671	2	52756	2017-03-30 17:06:05	40036	1490864765335	352
28	8	37	2	52912	2	52771	2017-03-30 17:06:05	40028	1490864765382	353
52	8	33	2	50424	2	52794	2017-03-30 17:06:05	40052	1490864765432	354
20	8	8	2	54602	2	54452	2017-03-30 17:06:05	40020	1490864765466	355
26	8	19	2	52840	2	54631	2017-03-30 17:06:05	40026	1490864765499	356
38	8	37	2	52975	2	52981	2017-03-30 17:06:05	40038	1490864765566	357
30	8	37	2	53013	2	53077	2017-03-30 17:06:05	40030	1490864765649	358
42	8	38	2	52495	2	53435	2017-03-30 17:06:06	40042	1490864766025	359
48	8	30	2	51287	2	53419	2017-03-30 17:06:06	40048	1490864766158	360
11	8	20	2	55238	2	55215	2017-03-30 17:06:06	40011	1490864766192	361
6	8	20	2	55285	2	55383	2017-03-30 17:06:06	40006	1490864766225	362
44	8	30	2	51308	2	53533	2017-03-30 17:06:06	40044	1490864766258	363
41	8	30	2	51964	2	53416	2017-03-30 17:06:06	40041	1490864766292	364
43	8	30	2	52819	2	53416	2017-03-30 17:06:06	40043	1490864766475	365
79	8	43	2	52246	2	53261	2017-03-30 17:06:06	40079	1490864766542	366
47	8	43	2	52882	2	53345	2017-03-30 17:06:06	40047	1490864766584	367
51	8	43	2	51408	2	53345	2017-03-30 17:06:06	40051	1490864766651	368
46	8	43	2	51958	2	53418	2017-03-30 17:06:06	40046	1490864766684	369
59	8	43	2	54126	2	53335	2017-03-30 17:06:06	40059	1490864766718	370
76	8	43	2	52203	2	53218	2017-03-30 17:06:06	40076	1490864766751	371
57	8	43	2	50996	2	53218	2017-03-30 17:06:06	40057	1490864766784	372
67	8	14	2	52416	2	55802	2017-03-30 17:06:06	40067	1490864766818	373
68	8	43	2	52424	2	53403	2017-03-30 17:06:07	40068	1490864767218	374
55	8	46	2	53032	2	52410	2017-03-30 17:06:07	40055	1490864767844	375
50	8	46	2	52206	2	52667	2017-03-30 17:06:07	40050	1490864767886	376
27	8	46	2	54460	2	52380	2017-03-30 17:06:08	40027	1490864768220	377
31	8	24	2	55669	2	55868	2017-03-30 17:06:08	40031	1490864768629	378
24	8	46	2	55035	2	52737	2017-03-30 17:06:08	40024	1490864768729	379
40	8	46	2	55326	2	52861	2017-03-30 17:06:08	40040	1490864768762	380
25	8	31	2	56330	2	56329	2017-03-30 17:06:08	40025	1490864768971	381
4	9	1	3	7998	3	8276	2017-03-30 17:06:24	40004	1490864784013	382
10	9	1	3	7939	3	8221	2017-03-30 17:06:24	40010	1490864784046	383
7	9	1	3	7953	3	8221	2017-03-30 17:06:24	40007	1490864784080	384
18	9	1	3	8226	3	8409	2017-03-30 17:06:24	40018	1490864784122	385
14	9	1	3	8686	3	8719	2017-03-30 17:06:24	40014	1490864784426	386
71	9	4	3	5204	3	8468	2017-03-30 17:06:24	40071	1490864784472	387
13	9	18	3	8804	3	8704	2017-03-30 17:06:24	40013	1490864784594	388
35	9	18	3	6894	3	8704	2017-03-30 17:06:24	40035	1490864784622	389
3	9	18	3	8900	3	8706	2017-03-30 17:06:24	40003	1490864784655	390
33	9	18	3	6967	3	8774	2017-03-30 17:06:24	40033	1490864784705	391
19	9	18	3	8705	3	8724	2017-03-30 17:06:24	40019	1490864784738	392
21	9	18	3	8947	3	8706	2017-03-30 17:06:24	40021	1490864784772	393
72	9	4	3	5667	3	8810	2017-03-30 17:06:24	40072	1490864784805	394
15	9	18	3	8614	3	8706	2017-03-30 17:06:24	40015	1490864784839	395
37	9	18	3	7229	3	8983	2017-03-30 17:06:24	40037	1490864784872	396
26	9	19	3	7257	3	9048	2017-03-30 17:06:24	40026	1490864784964	397
2	9	19	3	9030	3	9069	2017-03-30 17:06:24	40002	1490864784997	398
8	9	18	3	8926	3	9099	2017-03-30 17:06:25	40008	1490864785030	399
11	9	4	3	9182	3	9097	2017-03-30 17:06:25	40011	1490864785074	400
52	9	33	3	5079	3	7449	2017-03-30 17:06:25	40052	1490864785145	401
36	9	26	3	7534	3	7558	2017-03-30 17:06:25	40036	1490864785257	402
28	9	37	3	7857	3	7717	2017-03-30 17:06:25	40028	1490864785349	403
22	9	2	3	9669	3	9604	2017-03-30 17:06:25	40022	1490864785542	404
12	9	2	3	9878	3	9739	2017-03-30 17:06:25	40012	1490864785674	405
20	9	11	3	9788	3	9802	2017-03-30 17:06:25	40020	1490864785707	406
38	9	37	3	8071	3	8077	2017-03-30 17:06:25	40038	1490864785740	407
75	9	2	3	6604	3	9986	2017-03-30 17:06:25	40075	1490864785916	408
6	9	11	3	9927	3	10044	2017-03-30 17:06:25	40006	1490864785949	409
42	9	38	3	7438	3	8378	2017-03-30 17:06:26	40042	1490864786016	410
40	9	38	3	8812	3	8473	2017-03-30 17:06:26	40040	1490864786099	411
39	9	38	3	8442	3	8473	2017-03-30 17:06:26	40039	1490864786132	412
30	9	38	3	8475	3	8529	2017-03-30 17:06:26	40030	1490864786166	413
17	9	39	3	10617	3	8875	2017-03-30 17:06:26	40017	1490864786526	414
48	9	40	3	6783	3	9307	2017-03-30 17:06:26	40048	1490864786589	415
27	9	40	3	8940	3	9320	2017-03-30 17:06:26	40027	1490864786624	416
51	9	40	3	6375	3	9307	2017-03-30 17:06:26	40051	1490864786675	417
41	9	40	3	7463	3	9307	2017-03-30 17:06:26	40041	1490864786708	418
44	9	30	3	6811	3	9036	2017-03-30 17:06:26	40044	1490864786741	419
43	9	30	3	8542	3	9139	2017-03-30 17:06:26	40043	1490864786809	420
47	9	40	3	8186	3	9644	2017-03-30 17:06:26	40047	1490864786925	421
46	9	40	3	7316	3	9771	2017-03-30 17:06:27	40046	1490864787048	422
57	9	43	3	6615	3	8837	2017-03-30 17:06:27	40057	1490864787099	423
76	9	43	3	7822	3	8837	2017-03-30 17:06:27	40076	1490864787133	424
59	9	43	3	9706	3	8915	2017-03-30 17:06:27	40059	1490864787181	425
80	9	43	3	8203	3	9048	2017-03-30 17:06:27	40080	1490864787307	426
68	9	43	3	8105	3	9084	2017-03-30 17:06:27	40068	1490864787352	427
50	9	46	3	7519	3	7979	2017-03-30 17:06:27	40050	1490864787704	428
55	9	46	3	8833	3	8211	2017-03-30 17:06:27	40055	1490864787925	429
24	9	46	3	10709	3	8412	2017-03-30 17:06:28	40024	1490864788124	430
31	9	24	3	11223	3	11422	2017-03-30 17:06:28	40031	1490864788815	431
25	9	31	3	12481	3	12480	2017-03-30 17:06:30	40025	1490864790050	432
10	10	1	3	28419	3	28701	2017-03-30 17:06:43	40010	1490864803992	433
71	10	1	3	25210	3	28756	2017-03-30 17:06:44	40071	1490864804025	434
7	10	1	3	28433	3	28701	2017-03-30 17:06:44	40007	1490864804058	435
14	10	1	3	28885	3	28917	2017-03-30 17:06:44	40014	1490864804150	436
18	10	1	3	28751	3	28935	2017-03-30 17:06:44	40018	1490864804184	437
4	10	1	3	28865	3	29143	2017-03-30 17:06:44	40004	1490864804370	438
35	10	14	3	27234	3	29195	2017-03-30 17:06:44	40035	1490864804455	439
3	10	14	3	29237	3	29195	2017-03-30 17:06:44	40003	1490864804492	440
21	10	14	3	29284	3	29195	2017-03-30 17:06:44	40021	1490864804534	441
13	10	14	3	29143	3	29195	2017-03-30 17:06:44	40013	1490864804576	442
15	10	14	3	29007	3	29250	2017-03-30 17:06:44	40015	1490864804626	443
37	10	14	3	27463	3	29368	2017-03-30 17:06:44	40037	1490864804667	444
11	10	4	3	29253	3	29167	2017-03-30 17:06:44	40011	1490864804709	445
67	10	14	3	26118	3	29504	2017-03-30 17:06:44	40067	1490864804771	446
72	10	4	3	26411	3	29554	2017-03-30 17:06:45	40072	1490864805047	447
36	10	37	3	27893	3	27978	2017-03-30 17:06:45	40036	1490864805147	448
38	10	37	3	28061	3	28067	2017-03-30 17:06:45	40038	1490864805222	449
8	10	18	3	29781	3	29954	2017-03-30 17:06:45	40008	1490864805346	450
19	10	18	3	29977	3	29997	2017-03-30 17:06:45	40019	1490864805386	451
26	10	37	3	28248	3	28304	2017-03-30 17:06:45	40026	1490864805456	452
33	10	18	3	28305	3	30112	2017-03-30 17:06:45	40033	1490864805500	453
42	10	38	3	27535	3	28475	2017-03-30 17:06:45	40042	1490864805640	454
28	10	38	3	28626	3	28475	2017-03-30 17:06:45	40028	1490864805693	455
39	10	38	3	28507	3	28538	2017-03-30 17:06:45	40039	1490864805735	456
52	10	33	3	26314	3	28683	2017-03-30 17:06:45	40052	1490864805877	457
40	10	38	3	29079	3	28740	2017-03-30 17:06:45	40040	1490864805927	458
17	10	39	3	30555	3	28814	2017-03-30 17:06:45	40017	1490864805994	459
6	10	8	3	30569	3	30523	2017-03-30 17:06:46	40006	1490864806074	460
30	10	38	3	28887	3	28941	2017-03-30 17:06:46	40030	1490864806102	461
20	10	8	3	30688	3	30538	2017-03-30 17:06:46	40020	1490864806135	462
51	10	40	3	26549	3	29481	2017-03-30 17:06:46	40051	1490864806288	463
48	10	40	3	26957	3	29481	2017-03-30 17:06:46	40048	1490864806318	464
47	10	40	3	28029	3	29486	2017-03-30 17:06:46	40047	1490864806352	465
41	10	40	3	27637	3	29481	2017-03-30 17:06:46	40041	1490864806385	466
43	10	30	3	28713	3	29311	2017-03-30 17:06:46	40043	1490864806511	467
44	10	30	3	27101	3	29326	2017-03-30 17:06:46	40044	1490864806544	468
57	10	40	3	26698	3	29914	2017-03-30 17:06:46	40057	1490864806721	469
2	10	19	3	31358	3	31397	2017-03-30 17:06:46	40002	1490864806782	470
76	10	43	3	27992	3	29007	2017-03-30 17:06:46	40076	1490864806810	471
46	10	43	3	27746	3	29205	2017-03-30 17:06:46	40046	1490864806990	472
80	10	43	3	28506	3	29351	2017-03-30 17:06:47	40080	1490864807136	473
68	10	43	3	28395	3	29374	2017-03-30 17:06:47	40068	1490864807202	474
22	10	2	3	31895	3	31830	2017-03-30 17:06:47	40022	1490864807246	475
75	10	2	3	28464	3	31846	2017-03-30 17:06:47	40075	1490864807277	476
27	10	40	3	30121	3	30501	2017-03-30 17:06:47	40027	1490864807311	477
12	10	2	3	31997	3	31858	2017-03-30 17:06:47	40012	1490864807344	478
24	10	46	3	30633	3	28336	2017-03-30 17:06:47	40024	1490864807577	479
50	10	46	3	27967	3	28429	2017-03-30 17:06:47	40050	1490864807673	480
55	10	46	3	29181	3	28560	2017-03-30 17:06:47	40055	1490864807786	481
31	10	24	3	30900	3	31100	2017-03-30 17:06:48	40031	1490864808039	482
25	10	31	3	31503	3	31502	2017-03-30 17:06:48	40025	1490864808635	483
7	11	1	3	48915	3	49182	2017-03-30 17:07:03	40007	1490864823969	484
10	11	1	3	48900	3	49182	2017-03-30 17:07:04	40010	1490864824002	485
71	11	1	3	45714	3	49260	2017-03-30 17:07:04	40071	1490864824036	486
4	11	1	3	49048	3	49325	2017-03-30 17:07:04	40004	1490864824136	487
14	11	1	3	49324	3	49356	2017-03-30 17:07:04	40014	1490864824169	488
67	11	14	3	46348	3	49735	2017-03-30 17:07:04	40067	1490864824537	489
11	11	4	3	49582	3	49497	2017-03-30 17:07:04	40011	1490864824570	490
35	11	14	3	47715	3	49677	2017-03-30 17:07:04	40035	1490864824604	491
21	11	14	3	49766	3	49677	2017-03-30 17:07:04	40021	1490864824745	492
18	11	1	3	49178	3	49358	2017-03-30 17:07:04	40018	1490864824779	493
37	11	14	3	47963	3	49868	2017-03-30 17:07:04	40037	1490864824846	494
13	11	14	3	49625	3	49677	2017-03-30 17:07:04	40013	1490864824929	495
3	11	14	3	49719	3	49677	2017-03-30 17:07:04	40003	1490864824962	496
72	11	4	3	46713	3	49857	2017-03-30 17:07:04	40072	1490864824996	497
8	11	18	3	49875	3	50048	2017-03-30 17:07:05	40008	1490864825096	498
15	11	18	3	49900	3	49993	2017-03-30 17:07:05	40015	1490864825129	499
28	11	37	3	48606	3	48466	2017-03-30 17:07:05	40028	1490864825163	500
36	11	37	3	48365	3	48451	2017-03-30 17:07:05	40036	1490864825197	501
6	11	8	3	50298	3	50253	2017-03-30 17:07:05	40006	1490864825342	502
38	11	37	3	48672	3	48677	2017-03-30 17:07:05	40038	1490864825381	503
25	11	37	3	48813	3	48861	2017-03-30 17:07:05	40025	1490864825547	504
26	11	37	3	48911	3	48968	2017-03-30 17:07:05	40026	1490864825630	505
19	11	18	3	50738	3	50758	2017-03-30 17:07:05	40019	1490864825666	506
42	11	38	3	48101	3	49040	2017-03-30 17:07:05	40042	1490864825798	507
20	11	6	3	50880	3	50772	2017-03-30 17:07:05	40020	1490864825865	508
30	11	38	3	49114	3	49168	2017-03-30 17:07:05	40030	1490864825931	509
40	11	38	3	49722	3	49384	2017-03-30 17:07:06	40040	1490864826082	510
48	11	30	3	47411	3	49543	2017-03-30 17:07:06	40048	1490864826290	511
39	11	38	3	49492	3	49522	2017-03-30 17:07:06	40039	1490864826357	512
44	11	30	3	47316	3	49540	2017-03-30 17:07:06	40044	1490864826424	513
41	11	30	3	48089	3	49540	2017-03-30 17:07:06	40041	1490864826457	514
51	11	40	3	47212	3	50144	2017-03-30 17:07:06	40051	1490864826491	515
47	11	40	3	48686	3	50144	2017-03-30 17:07:06	40047	1490864826607	516
17	11	39	3	51657	3	49915	2017-03-30 17:07:06	40017	1490864826649	517
43	11	30	3	49391	3	49988	2017-03-30 17:07:06	40043	1490864826858	518
46	11	40	3	48068	3	50522	2017-03-30 17:07:06	40046	1490864826900	519
2	11	19	3	52211	3	52250	2017-03-30 17:07:07	40002	1490864827250	520
76	11	43	3	48797	3	49812	2017-03-30 17:07:07	40076	1490864827292	521
52	11	46	3	48146	3	48433	2017-03-30 17:07:07	40052	1490864827334	522
59	11	43	3	51011	3	50221	2017-03-30 17:07:07	40059	1490864827759	523
27	11	46	3	50512	3	48433	2017-03-30 17:07:07	40027	1490864827893	524
12	11	2	3	52978	3	52839	2017-03-30 17:07:08	40012	1490864828093	525
75	11	2	3	49454	3	52836	2017-03-30 17:07:08	40075	1490864828127	526
22	11	2	3	52983	3	52918	2017-03-30 17:07:08	40022	1490864828293	527
55	11	46	3	49669	3	49047	2017-03-30 17:07:08	40055	1490864828394	528
24	11	46	3	51402	3	49105	2017-03-30 17:07:08	40024	1490864828427	529
57	11	40	3	47572	3	50788	2017-03-30 17:07:08	40057	1490864828461	530
79	11	43	3	49141	3	50155	2017-03-30 17:07:08	40079	1490864828602	531
31	11	24	3	51895	3	52094	2017-03-30 17:07:08	40031	1490864828636	532
68	11	43	3	49224	3	50203	2017-03-30 17:07:09	40068	1490864829053	533
78	11	43	3	49588	3	50597	2017-03-30 17:07:09	40078	1490864829086	534
50	11	46	3	48234	3	48696	2017-03-30 17:07:09	40050	1490864829253	535
7	12	1	4	3857	4	4125	2017-03-30 17:07:24	40007	1490864844012	536
10	12	1	4	3843	4	4125	2017-03-30 17:07:24	40010	1490864844045	537
14	12	1	4	4550	4	4582	2017-03-30 17:07:24	40014	1490864844386	538
18	12	1	4	4427	4	4610	2017-03-30 17:07:24	40018	1490864844420	539
13	12	18	4	5038	4	4939	2017-03-30 17:07:24	40013	1490864844914	540
15	12	18	4	4846	4	4939	2017-03-30 17:07:24	40015	1490864844945	541
11	12	18	4	4929	4	4939	2017-03-30 17:07:24	40011	1490864844995	542
3	12	18	4	5132	4	4939	2017-03-30 17:07:25	40003	1490864845029	543
21	12	18	4	5179	4	4939	2017-03-30 17:07:25	40021	1490864845062	544
8	12	18	4	4890	4	5063	2017-03-30 17:07:25	40008	1490864845095	545
19	12	18	4	4990	4	5010	2017-03-30 17:07:25	40019	1490864845129	546
35	12	18	4	3146	4	4957	2017-03-30 17:07:25	40035	1490864845171	547
37	12	18	4	3545	4	5299	2017-03-30 17:07:25	40037	1490864845265	548
4	12	1	4	5418	4	5696	2017-03-30 17:07:25	40004	1490864845470	549
28	12	37	4	4096	4	3956	2017-03-30 17:07:25	40028	1490864845673	550
36	12	37	4	3870	4	3956	2017-03-30 17:07:25	40036	1490864845704	551
26	12	19	4	3989	4	5781	2017-03-30 17:07:25	40026	1490864845772	552
67	12	14	4	2607	4	5993	2017-03-30 17:07:25	40067	1490864845810	553
71	12	4	4	2510	4	5773	2017-03-30 17:07:25	40071	1490864845838	554
30	12	37	4	4023	4	4088	2017-03-30 17:07:25	40030	1490864845872	555
38	12	37	4	4206	4	4212	2017-03-30 17:07:25	40038	1490864845935	556
20	12	8	4	6070	4	5921	2017-03-30 17:07:26	40020	1490864846046	557
41	12	30	4	2928	4	4380	2017-03-30 17:07:26	40041	1490864846164	558
48	12	30	4	2250	4	4382	2017-03-30 17:07:26	40048	1490864846198	559
44	12	30	4	2218	4	4443	2017-03-30 17:07:26	40044	1490864846248	560
2	12	19	4	6242	4	6281	2017-03-30 17:07:26	40002	1490864846281	561
72	12	4	4	3102	4	6246	2017-03-30 17:07:26	40072	1490864846314	562
42	12	38	4	3811	4	4750	2017-03-30 17:07:26	40042	1490864846463	563
43	12	30	4	4228	4	4825	2017-03-30 17:07:26	40043	1490864846601	564
39	12	38	4	5152	4	5183	2017-03-30 17:07:26	40039	1490864846881	565
76	12	43	4	3598	4	4613	2017-03-30 17:07:26	40076	1490864846979	566
51	12	43	4	2685	4	4623	2017-03-30 17:07:27	40051	1490864847015	567
57	12	43	4	2427	4	4648	2017-03-30 17:07:27	40057	1490864847056	568
6	12	20	4	6947	4	7046	2017-03-30 17:07:27	40006	1490864847098	569
59	12	43	4	5478	4	4686	2017-03-30 17:07:27	40059	1490864847140	570
68	12	43	4	3883	4	4862	2017-03-30 17:07:27	40068	1490864847226	571
17	12	39	4	7284	4	5543	2017-03-30 17:07:27	40017	1490864847270	572
80	12	43	4	4239	4	5084	2017-03-30 17:07:27	40080	1490864847445	573
46	12	43	4	4159	4	5618	2017-03-30 17:07:27	40046	1490864847955	574
27	12	46	4	6685	4	4607	2017-03-30 17:07:28	40027	1490864848396	575
47	12	46	4	5608	4	4607	2017-03-30 17:07:28	40047	1490864848432	576
50	12	46	4	4187	4	4650	2017-03-30 17:07:28	40050	1490864848473	577
52	12	46	4	4319	4	4607	2017-03-30 17:07:28	40052	1490864848515	578
24	12	46	4	6978	4	4682	2017-03-30 17:07:28	40024	1490864848557	579
55	12	46	4	5681	4	5059	2017-03-30 17:07:28	40055	1490864848847	580
40	12	46	4	7555	4	5092	2017-03-30 17:07:28	40040	1490864848907	581
31	12	24	4	7699	4	7898	2017-03-30 17:07:29	40031	1490864849379	582
25	12	31	4	9674	4	9673	2017-03-30 17:07:31	40025	1490864851315	583
7	13	1	4	24337	4	24604	2017-03-30 17:07:44	40007	1490864864007	584
11	13	1	4	24409	4	24607	2017-03-30 17:07:44	40011	1490864864048	585
14	13	1	4	24711	4	24742	2017-03-30 17:07:44	40014	1490864864082	586
18	13	1	4	24563	4	24745	2017-03-30 17:07:44	40018	1490864864115	587
10	13	1	4	24322	4	24604	2017-03-30 17:07:44	40010	1490864864149	588
13	13	1	4	24563	4	24652	2017-03-30 17:07:44	40013	1490864864199	589
4	13	1	4	24613	4	24891	2017-03-30 17:07:44	40004	1490864864232	590
21	13	18	4	25223	4	24984	2017-03-30 17:07:44	40021	1490864864490	591
15	13	18	4	24898	4	24992	2017-03-30 17:07:44	40015	1490864864524	592
71	13	4	4	21664	4	24928	2017-03-30 17:07:44	40071	1490864864558	593
3	13	18	4	25179	4	24987	2017-03-30 17:07:44	40003	1490864864591	594
19	13	18	4	25059	4	25080	2017-03-30 17:07:44	40019	1490864864624	595
37	13	18	4	23230	4	24984	2017-03-30 17:07:44	40037	1490864864657	596
35	13	18	4	23179	4	24992	2017-03-30 17:07:44	40035	1490864864691	597
8	13	18	4	25038	4	25211	2017-03-30 17:07:44	40008	1490864864724	598
33	13	18	4	23231	4	25040	2017-03-30 17:07:44	40033	1490864864758	599
52	13	33	4	21262	4	23632	2017-03-30 17:07:44	40052	1490864864952	600
17	13	19	4	25635	4	25675	2017-03-30 17:07:45	40017	1490864865186	601
26	13	19	4	23965	4	25757	2017-03-30 17:07:45	40026	1490864865279	602
20	13	8	4	25889	4	25741	2017-03-30 17:07:45	40020	1490864865406	603
72	13	4	4	22722	4	25865	2017-03-30 17:07:45	40072	1490864865458	604
6	13	8	4	25894	4	25850	2017-03-30 17:07:45	40006	1490864865510	605
67	13	14	4	22971	4	26358	2017-03-30 17:07:45	40067	1490864865701	606
36	13	26	4	24474	4	24498	2017-03-30 17:07:45	40036	1490864865803	607
2	13	19	4	26947	4	26986	2017-03-30 17:07:46	40002	1490864866470	608
7	14	1	4	44819	4	45086	2017-03-30 17:08:03	40007	1490864883941	609
71	14	1	4	41551	4	45097	2017-03-30 17:08:04	40071	1490864884008	610
10	14	1	4	44805	4	45086	2017-03-30 17:08:04	40010	1490864884108	611
18	14	1	4	44908	4	45089	2017-03-30 17:08:04	40018	1490864884242	612
4	14	1	4	45308	4	45586	2017-03-30 17:08:04	40004	1490864884600	613
14	14	1	4	45559	4	45591	2017-03-30 17:08:04	40014	1490864884767	614
13	14	14	4	46061	4	46113	2017-03-30 17:08:04	40013	1490864884975	615
15	14	14	4	45877	4	46121	2017-03-30 17:08:05	40015	1490864885009	616
37	14	14	4	44209	4	46113	2017-03-30 17:08:05	40037	1490864885042	617
3	14	14	4	46163	4	46121	2017-03-30 17:08:05	40003	1490864885076	618
21	14	14	4	46202	4	46113	2017-03-30 17:08:05	40021	1490864885109	619
11	14	4	4	45956	4	45871	2017-03-30 17:08:05	40011	1490864885143	620
67	14	14	4	42747	4	46134	2017-03-30 17:08:05	40067	1490864885176	621
35	14	14	4	44292	4	46254	2017-03-30 17:08:05	40035	1490864885209	622
72	14	4	4	44135	4	47278	2017-03-30 17:08:06	40072	1490864886366	623
11	15	1	4	65384	5	46	2017-03-30 17:08:24	40011	1490864904023	624
18	15	1	4	65396	5	41	2017-03-30 17:08:24	40018	1490864904056	625
71	15	1	4	62021	5	31	2017-03-30 17:08:24	40071	1490864904090	626
7	15	1	4	65297	5	29	2017-03-30 17:08:24	40007	1490864904123	627
14	15	1	5	206	5	237	2017-03-30 17:08:24	40014	1490864904157	628
10	15	1	4	65283	5	29	2017-03-30 17:08:24	40010	1490864904190	629
13	15	1	5	291	5	378	2017-03-30 17:08:24	40013	1490864904279	630
4	15	1	5	153	5	431	2017-03-30 17:08:24	40004	1490864904331	631
65	15	1	4	62474	5	473	2017-03-30 17:08:24	40065	1490864904376	632
3	15	14	5	567	5	525	2017-03-30 17:08:24	40003	1490864904455	633
21	15	14	5	628	5	540	2017-03-30 17:08:24	40021	1490864904490	634
15	15	14	5	323	5	567	2017-03-30 17:08:24	40015	1490864904524	635
37	15	14	4	64159	5	527	2017-03-30 17:08:24	40037	1490864904574	636
35	15	14	4	64101	5	527	2017-03-30 17:08:24	40035	1490864904607	637
67	15	14	4	62988	5	838	2017-03-30 17:08:24	40067	1490864904766	638
72	15	4	4	63305	5	912	2017-03-30 17:08:25	40072	1490864905081	639
18	16	1	5	20336	5	20517	2017-03-30 17:08:43	40018	1490864923990	640
7	16	1	5	20241	5	20509	2017-03-30 17:08:44	40007	1490864924023	641
4	16	1	5	20329	5	20607	2017-03-30 17:08:44	40004	1490864924057	642
10	16	1	5	20227	5	20509	2017-03-30 17:08:44	40010	1490864924090	643
14	16	1	5	20920	5	20951	2017-03-30 17:08:44	40014	1490864924367	644
11	16	4	5	20844	5	20759	2017-03-30 17:08:44	40011	1490864924455	645
71	16	4	5	17704	5	20967	2017-03-30 17:08:44	40071	1490864924668	646
3	16	14	5	21578	5	21536	2017-03-30 17:08:44	40003	1490864924975	647
35	16	14	5	19577	5	21539	2017-03-30 17:08:45	40035	1490864925040	648
37	16	14	5	19632	5	21536	2017-03-30 17:08:45	40037	1490864925082	649
13	16	14	5	21483	5	21536	2017-03-30 17:08:45	40013	1490864925116	650
21	16	14	5	21624	5	21536	2017-03-30 17:08:45	40021	1490864925149	651
67	16	14	5	18249	5	21637	2017-03-30 17:08:45	40067	1490864925182	652
15	16	14	5	21686	5	21931	2017-03-30 17:08:45	40015	1490864925359	653
72	16	4	5	18631	5	21774	2017-03-30 17:08:45	40072	1490864925450	654
71	17	1	5	37452	5	40998	2017-03-30 17:09:04	40071	1490864944074	655
10	17	1	5	40709	5	40991	2017-03-30 17:09:04	40010	1490864944107	656
4	17	1	5	41112	5	41390	2017-03-30 17:09:04	40004	1490864944341	657
7	17	1	5	40723	5	40991	2017-03-30 17:09:04	40007	1490864944374	658
18	17	1	5	40816	5	40996	2017-03-30 17:09:04	40018	1490864944533	659
14	17	1	5	41299	5	41330	2017-03-30 17:09:04	40014	1490864944767	660
11	17	4	5	42054	5	41970	2017-03-30 17:09:05	40011	1490864945167	661
72	17	4	5	38854	5	41997	2017-03-30 17:09:05	40072	1490864945225	662
3	17	14	5	42401	5	42359	2017-03-30 17:09:05	40003	1490864945307	663
37	17	14	5	40455	5	42359	2017-03-30 17:09:05	40037	1490864945359	664
35	17	14	5	40397	5	42359	2017-03-30 17:09:05	40035	1490864945400	665
13	17	14	5	42306	5	42359	2017-03-30 17:09:05	40013	1490864945442	666
21	17	14	5	42640	5	42552	2017-03-30 17:09:05	40021	1490864945499	667
15	17	14	5	42490	5	42735	2017-03-30 17:09:05	40015	1490864945702	668
67	17	14	5	39511	5	42898	2017-03-30 17:09:05	40067	1490864945860	669
7	18	1	5	61201	5	61468	2017-03-30 17:09:23	40007	1490864963989	670
10	18	1	5	61186	5	61468	2017-03-30 17:09:24	40010	1490864964023	671
71	18	1	5	57922	5	61468	2017-03-30 17:09:24	40071	1490864964056	672
18	18	1	5	61288	5	61468	2017-03-30 17:09:24	40018	1490864964090	673
14	18	1	5	61751	5	61783	2017-03-30 17:09:24	40014	1490864964239	674
4	18	1	5	61658	5	61936	2017-03-30 17:09:24	40004	1490864964391	675
65	18	1	5	58406	5	61941	2017-03-30 17:09:24	40065	1490864964431	676
21	18	14	5	62487	5	62399	2017-03-30 17:09:24	40021	1490864964879	677
37	18	14	5	60498	5	62402	2017-03-30 17:09:24	40037	1490864964915	678
15	18	14	5	62172	5	62417	2017-03-30 17:09:24	40015	1490864964948	679
11	18	4	5	62235	5	62151	2017-03-30 17:09:24	40011	1490864964981	680
3	18	14	5	62446	5	62404	2017-03-30 17:09:25	40003	1490864965015	681
67	18	14	5	59174	5	62562	2017-03-30 17:09:25	40067	1490864965048	682
35	18	14	5	60439	5	62402	2017-03-30 17:09:25	40035	1490864965081	683
13	18	14	5	62346	5	62399	2017-03-30 17:09:25	40013	1490864965115	684
72	18	4	5	59098	5	62242	2017-03-30 17:09:25	40072	1490864965148	685
7	19	1	6	16145	6	16412	2017-03-30 17:09:44	40007	1490864984006	686
71	19	1	6	12911	6	16458	2017-03-30 17:09:44	40071	1490864984040	687
10	19	1	6	16130	6	16412	2017-03-30 17:09:44	40010	1490864984073	688
18	19	1	6	16233	6	16412	2017-03-30 17:09:44	40018	1490864984115	689
4	19	1	6	16461	6	16739	2017-03-30 17:09:44	40004	1490864984251	690
14	19	1	6	16884	6	16915	2017-03-30 17:09:44	40014	1490864984423	691
21	19	14	6	17527	6	17440	2017-03-30 17:09:44	40021	1490864984971	692
3	19	14	6	17481	6	17440	2017-03-30 17:09:45	40003	1490864985023	693
11	19	4	6	17283	6	17200	2017-03-30 17:09:45	40011	1490864985065	694
35	19	14	6	15477	6	17440	2017-03-30 17:09:45	40035	1490864985107	695
13	19	14	6	17386	6	17440	2017-03-30 17:09:45	40013	1490864985148	696
37	19	14	6	15537	6	17440	2017-03-30 17:09:45	40037	1490864985190	697
15	19	14	6	17413	6	17658	2017-03-30 17:09:45	40015	1490864985232	698
72	19	4	6	14270	6	17413	2017-03-30 17:09:45	40072	1490864985274	699
67	19	14	6	14526	6	17914	2017-03-30 17:09:45	40067	1490864985444	700
10	20	1	6	36613	6	36895	2017-03-30 17:10:03	40010	1490865003940	701
18	20	1	6	36716	6	36895	2017-03-30 17:10:04	40018	1490865004008	702
7	20	1	6	36628	6	36895	2017-03-30 17:10:04	40007	1490865004075	703
4	20	1	6	36728	6	37006	2017-03-30 17:10:04	40004	1490865004108	704
71	20	1	6	33351	6	36898	2017-03-30 17:10:04	40071	1490865004542	705
14	20	1	6	37153	6	37184	2017-03-30 17:10:04	40014	1490865004575	706
11	20	4	6	37279	6	37195	2017-03-30 17:10:04	40011	1490865004717	707
21	20	14	6	37745	6	37658	2017-03-30 17:10:04	40021	1490865004784	708
13	20	14	6	37609	6	37663	2017-03-30 17:10:04	40013	1490865004817	709
35	20	14	6	35695	6	37658	2017-03-30 17:10:04	40035	1490865004851	710
3	20	14	6	37702	6	37661	2017-03-30 17:10:04	40003	1490865004934	711
37	20	14	6	35755	6	37658	2017-03-30 17:10:04	40037	1490865004968	712
15	20	14	6	37759	6	38004	2017-03-30 17:10:05	40015	1490865005060	713
67	20	14	6	35484	6	38872	2017-03-30 17:10:06	40067	1490865006285	714
7	21	1	6	57105	6	57372	2017-03-30 17:10:23	40007	1490865023980	715
10	21	1	6	57090	6	57372	2017-03-30 17:10:24	40010	1490865024022	716
14	21	1	6	57464	6	57495	2017-03-30 17:10:24	40014	1490865024064	717
4	21	1	6	57227	6	57505	2017-03-30 17:10:24	40004	1490865024105	718
18	21	1	6	57201	6	57380	2017-03-30 17:10:24	40018	1490865024139	719
11	21	4	6	57824	6	57740	2017-03-30 17:10:24	40011	1490865024572	720
71	21	4	6	54522	6	57785	2017-03-30 17:10:24	40071	1490865024617	721
72	21	4	6	54953	6	58097	2017-03-30 17:10:24	40072	1490865024927	722
3	21	14	6	58445	6	58403	2017-03-30 17:10:24	40003	1490865024976	723
35	21	14	6	56440	6	58403	2017-03-30 17:10:25	40035	1490865025006	724
21	21	14	6	58493	6	58406	2017-03-30 17:10:25	40021	1490865025039	725
15	21	14	6	58204	6	58448	2017-03-30 17:10:25	40015	1490865025072	726
13	21	14	6	58349	6	58403	2017-03-30 17:10:25	40013	1490865025106	727
37	21	14	6	56500	6	58403	2017-03-30 17:10:25	40037	1490865025139	728
67	21	14	6	55703	6	59091	2017-03-30 17:10:25	40067	1490865025655	729
7	22	1	7	12049	7	12316	2017-03-30 17:10:43	40007	1490865043998	730
10	22	1	7	12034	7	12316	2017-03-30 17:10:44	40010	1490865044040	731
71	22	1	7	8843	7	12389	2017-03-30 17:10:44	40071	1490865044073	732
4	22	1	7	12043	7	12321	2017-03-30 17:10:44	40004	1490865044107	733
18	22	1	7	12140	7	12319	2017-03-30 17:10:44	40018	1490865044140	734
14	22	1	7	12343	7	12374	2017-03-30 17:10:44	40014	1490865044190	735
11	22	4	7	12649	7	12565	2017-03-30 17:10:44	40011	1490865044452	736
13	22	14	7	12778	7	12832	2017-03-30 17:10:44	40013	1490865044482	737
37	22	14	7	10932	7	12835	2017-03-30 17:10:44	40037	1490865044515	738
21	22	14	7	12926	7	12840	2017-03-30 17:10:44	40021	1490865044549	739
35	22	14	7	10869	7	12832	2017-03-30 17:10:44	40035	1490865044582	740
67	22	14	7	9479	7	12867	2017-03-30 17:10:44	40067	1490865044616	741
3	22	14	7	12878	7	12837	2017-03-30 17:10:44	40003	1490865044649	742
15	22	14	7	12592	7	12837	2017-03-30 17:10:44	40015	1490865044682	743
72	22	4	7	9700	7	12844	2017-03-30 17:10:44	40072	1490865044724	744
7	23	1	7	32531	7	32798	2017-03-30 17:11:03	40007	1490865063949	745
10	23	1	7	32516	7	32798	2017-03-30 17:11:03	40010	1490865063982	746
14	23	1	7	32780	7	32811	2017-03-30 17:11:04	40014	1490865064016	747
18	23	1	7	32620	7	32798	2017-03-30 17:11:04	40018	1490865064049	748
13	23	14	7	33067	7	33122	2017-03-30 17:11:04	40013	1490865064299	749
37	23	14	7	31225	7	33127	2017-03-30 17:11:04	40037	1490865064474	750
71	23	1	7	29667	7	33213	2017-03-30 17:11:04	40071	1490865064575	751
21	23	14	7	33211	7	33124	2017-03-30 17:11:04	40021	1490865064742	752
11	23	14	7	32962	7	33124	2017-03-30 17:11:04	40011	1490865064808	753
35	23	14	7	31161	7	33124	2017-03-30 17:11:04	40035	1490865064842	754
3	23	14	7	33166	7	33124	2017-03-30 17:11:04	40003	1490865064875	755
4	23	1	7	33497	7	33775	2017-03-30 17:11:04	40004	1490865064909	756
67	23	14	7	29736	7	33124	2017-03-30 17:11:04	40067	1490865064975	757
15	23	14	7	32984	7	33230	2017-03-30 17:11:05	40015	1490865065042	758
72	23	4	7	31045	7	34189	2017-03-30 17:11:05	40072	1490865065572	759
18	24	1	7	53112	7	53289	2017-03-30 17:11:23	40018	1490865083989	760
10	24	1	7	52994	7	53276	2017-03-30 17:11:24	40010	1490865084022	761
7	24	1	7	53009	7	53276	2017-03-30 17:11:24	40007	1490865084056	762
4	24	1	7	53252	7	53530	2017-03-30 17:11:24	40004	1490865084180	763
14	24	1	7	53675	7	53706	2017-03-30 17:11:24	40014	1490865084352	764
11	24	1	7	53533	7	53731	2017-03-30 17:11:24	40011	1490865084381	765
71	24	4	7	50557	7	53820	2017-03-30 17:11:24	40071	1490865084739	766
35	24	14	7	52339	7	54302	2017-03-30 17:11:24	40035	1490865084968	767
37	24	14	7	52400	7	54302	2017-03-30 17:11:24	40037	1490865084998	768
15	24	14	7	54069	7	54314	2017-03-30 17:11:25	40015	1490865085031	769
13	24	14	7	54247	7	54302	2017-03-30 17:11:25	40013	1490865085064	770
3	24	14	7	54348	7	54307	2017-03-30 17:11:25	40003	1490865085098	771
21	24	14	7	54388	7	54302	2017-03-30 17:11:25	40021	1490865085131	772
67	24	14	7	51194	7	54583	2017-03-30 17:11:25	40067	1490865085248	773
18	25	1	8	8043	8	8220	2017-03-30 17:11:43	40018	1490865103998	774
7	25	1	8	7952	8	8220	2017-03-30 17:11:44	40007	1490865104031	775
4	25	1	8	8062	8	8341	2017-03-30 17:11:44	40004	1490865104064	776
10	25	1	8	8131	8	8414	2017-03-30 17:11:44	40010	1490865104120	777
14	25	1	8	8539	8	8570	2017-03-30 17:11:44	40014	1490865104272	778
11	25	4	8	8668	8	8584	2017-03-30 17:11:44	40011	1490865104564	779
71	25	4	8	5321	8	8584	2017-03-30 17:11:44	40071	1490865104598	780
35	25	14	8	7289	8	9253	2017-03-30 17:11:44	40035	1490865104973	781
21	25	14	8	9339	8	9253	2017-03-30 17:11:45	40021	1490865105023	782
3	25	14	8	9296	8	9255	2017-03-30 17:11:45	40003	1490865105065	783
67	25	14	8	5959	8	9348	2017-03-30 17:11:45	40067	1490865105098	784
15	25	14	8	9115	8	9361	2017-03-30 17:11:45	40015	1490865105131	785
13	25	14	8	9200	8	9255	2017-03-30 17:11:45	40013	1490865105165	786
37	25	14	8	7356	8	9258	2017-03-30 17:11:45	40037	1490865105198	787
72	25	4	8	6667	8	9811	2017-03-30 17:11:45	40072	1490865105769	788
4	26	1	8	28457	8	28735	2017-03-30 17:12:03	40004	1490865123973	789
18	26	1	8	28525	8	28702	2017-03-30 17:12:04	40018	1490865124081	790
7	26	1	8	28435	8	28702	2017-03-30 17:12:04	40007	1490865124148	791
10	26	1	8	28419	8	28702	2017-03-30 17:12:04	40010	1490865124315	792
71	26	4	8	25689	8	28952	2017-03-30 17:12:04	40071	1490865124482	793
11	26	4	8	29034	8	28950	2017-03-30 17:12:04	40011	1490865124524	794
15	26	14	8	29492	8	29739	2017-03-30 17:12:04	40015	1490865124983	795
36	26	14	8	27758	8	29756	2017-03-30 17:12:05	40036	1490865125066	796
14	26	1	8	28822	8	28853	2017-03-30 17:12:05	40014	1490865125108	797
37	26	14	8	27834	8	29736	2017-03-30 17:12:05	40037	1490865125141	798
13	26	14	8	29676	8	29731	2017-03-30 17:12:05	40013	1490865125174	799
21	26	14	8	29817	8	29731	2017-03-30 17:12:05	40021	1490865125208	800
35	26	14	8	27767	8	29731	2017-03-30 17:12:05	40035	1490865125241	801
3	26	14	8	29619	8	29578	2017-03-30 17:12:05	40003	1490865125275	802
67	26	14	8	27147	8	30537	2017-03-30 17:12:05	40067	1490865125767	803
10	27	1	8	48898	8	49181	2017-03-30 17:12:23	40010	1490865143980	804
11	27	1	8	48982	8	49181	2017-03-30 17:12:24	40011	1490865144013	805
14	27	1	8	49230	8	49261	2017-03-30 17:12:24	40014	1490865144047	806
18	27	1	8	49004	8	49181	2017-03-30 17:12:24	40018	1490865144080	807
7	27	1	8	48913	8	49181	2017-03-30 17:12:24	40007	1490865144130	808
4	27	1	8	49285	8	49563	2017-03-30 17:12:24	40004	1490865144305	809
37	27	14	8	47636	8	49537	2017-03-30 17:12:24	40037	1490865144355	810
21	27	14	8	49623	8	49537	2017-03-30 17:12:24	40021	1490865144397	811
3	27	14	8	49578	8	49537	2017-03-30 17:12:24	40003	1490865144439	812
13	27	14	8	49482	8	49537	2017-03-30 17:12:24	40013	1490865144480	813
15	27	14	8	49314	8	49560	2017-03-30 17:12:24	40015	1490865144522	814
35	27	14	8	47573	8	49537	2017-03-30 17:12:24	40035	1490865144564	815
67	27	14	8	46562	8	49952	2017-03-30 17:12:24	40067	1490865144730	816
71	27	4	8	46463	8	49726	2017-03-30 17:12:24	40071	1490865144772	817
72	27	4	8	46816	8	49960	2017-03-30 17:12:24	40072	1490865144981	818
7	28	1	9	3857	9	4124	2017-03-30 17:12:44	40007	1490865164005	819
18	28	1	9	3950	9	4126	2017-03-30 17:12:44	40018	1490865164047	820
10	28	1	9	3841	9	4124	2017-03-30 17:12:44	40010	1490865164089	821
14	28	1	9	4098	9	4129	2017-03-30 17:12:44	40014	1490865164122	822
4	28	1	9	4067	9	4345	2017-03-30 17:12:44	40004	1490865164155	823
3	28	14	9	4787	9	4746	2017-03-30 17:12:44	40003	1490865164573	824
13	28	14	9	4690	9	4746	2017-03-30 17:12:44	40013	1490865164631	825
71	28	4	9	1327	9	4591	2017-03-30 17:12:44	40071	1490865164664	826
11	28	4	9	4617	9	4533	2017-03-30 17:12:44	40011	1490865164697	827
15	28	14	9	4598	9	4844	2017-03-30 17:12:44	40015	1490865164731	828
21	28	14	9	4831	9	4746	2017-03-30 17:12:44	40021	1490865164764	829
67	28	14	9	1544	9	4934	2017-03-30 17:12:44	40067	1490865164797	830
72	28	4	9	1610	9	4754	2017-03-30 17:12:44	40072	1490865164831	831
37	28	14	9	2845	9	4746	2017-03-30 17:12:44	40037	1490865164864	832
35	28	14	9	2782	9	4746	2017-03-30 17:12:44	40035	1490865164898	833
7	29	1	9	24339	9	24607	2017-03-30 17:13:03	40007	1490865183947	834
10	29	1	9	24324	9	24607	2017-03-30 17:13:03	40010	1490865183981	835
18	29	1	9	24456	9	24632	2017-03-30 17:13:04	40018	1490865184014	836
4	29	1	9	24391	9	24669	2017-03-30 17:13:04	40004	1490865184081	837
11	29	1	9	24711	9	24911	2017-03-30 17:13:04	40011	1490865184415	838
71	29	4	9	21593	9	24856	2017-03-30 17:13:04	40071	1490865184498	839
65	29	1	9	21285	9	24820	2017-03-30 17:13:04	40065	1490865184665	840
14	29	1	9	25020	9	25051	2017-03-30 17:13:04	40014	1490865184749	841
21	29	14	9	25727	9	25642	2017-03-30 17:13:04	40021	1490865184977	842
15	29	14	9	25395	9	25642	2017-03-30 17:13:05	40015	1490865185024	843
3	29	14	9	25682	9	25642	2017-03-30 17:13:05	40003	1490865185057	844
35	29	14	9	23678	9	25642	2017-03-30 17:13:05	40035	1490865185091	845
13	29	14	9	25586	9	25642	2017-03-30 17:13:05	40013	1490865185124	846
37	29	14	9	23740	9	25642	2017-03-30 17:13:05	40037	1490865185158	847
67	29	14	9	22471	9	25860	2017-03-30 17:13:05	40067	1490865185197	848
10	30	1	9	44801	9	45084	2017-03-30 17:13:24	40010	1490865204004	849
11	30	1	9	44885	9	45084	2017-03-30 17:13:24	40011	1490865204038	850
21	30	1	9	45279	9	45230	2017-03-30 17:13:24	40021	1490865204071	851
18	30	1	9	44931	9	45107	2017-03-30 17:13:24	40018	1490865204104	852
7	30	1	9	44817	9	45084	2017-03-30 17:13:24	40007	1490865204138	853
3	30	1	9	45428	9	45423	2017-03-30 17:13:24	40003	1490865204261	854
14	30	1	9	45398	9	45428	2017-03-30 17:13:24	40014	1490865204296	855
65	30	1	9	41943	9	45478	2017-03-30 17:13:24	40065	1490865204330	856
4	30	1	9	45251	9	45529	2017-03-30 17:13:24	40004	1490865204365	857
13	30	14	9	45691	9	45748	2017-03-30 17:13:24	40013	1490865204613	858
15	30	14	9	45513	9	45760	2017-03-30 17:13:24	40015	1490865204646	859
67	30	14	9	42415	9	45805	2017-03-30 17:13:24	40067	1490865204680	860
71	30	4	9	42452	9	45715	2017-03-30 17:13:24	40071	1490865204824	861
37	30	14	9	44374	9	46275	2017-03-30 17:13:25	40037	1490865205126	862
8	30	14	9	47021	9	47337	2017-03-30 17:13:26	40008	1490865206165	863
6	30	8	9	47622	9	47589	2017-03-30 17:13:26	40006	1490865206725	864
20	30	8	9	47903	9	47762	2017-03-30 17:13:26	40020	1490865206893	865
10	31	1	9	65287	10	34	2017-03-30 17:13:43	40010	1490865223980	866
7	31	1	9	65303	10	34	2017-03-30 17:13:44	40007	1490865224030	867
65	31	1	9	62140	10	140	2017-03-30 17:13:44	40065	1490865224063	868
18	31	1	9	65395	10	34	2017-03-30 17:13:44	40018	1490865224096	869
3	31	1	10	228	10	223	2017-03-30 17:13:44	40003	1490865224130	870
14	31	1	10	215	10	246	2017-03-30 17:13:44	40014	1490865224163	871
4	31	1	10	23	10	301	2017-03-30 17:13:44	40004	1490865224205	872
13	31	14	10	490	10	546	2017-03-30 17:13:44	40013	1490865224469	873
11	31	14	10	382	10	546	2017-03-30 17:13:44	40011	1490865224497	874
37	31	14	9	64184	10	549	2017-03-30 17:13:44	40037	1490865224530	875
35	31	14	9	64121	10	549	2017-03-30 17:13:44	40035	1490865224564	876
21	31	14	10	634	10	549	2017-03-30 17:13:44	40021	1490865224597	877
15	31	14	10	329	10	576	2017-03-30 17:13:44	40015	1490865224630	878
71	31	4	9	62684	10	411	2017-03-30 17:13:44	40071	1490865224664	879
67	31	14	9	63202	10	1056	2017-03-30 17:13:44	40067	1490865224979	880
8	31	14	10	1589	10	1905	2017-03-30 17:13:45	40008	1490865225801	881
20	31	8	10	2100	10	1959	2017-03-30 17:13:46	40020	1490865226161	882
6	31	8	10	2207	10	2174	2017-03-30 17:13:46	40006	1490865226373	883
4	32	1	10	20240	10	20519	2017-03-30 17:14:03	40004	1490865243955	884
10	32	1	10	20228	10	20511	2017-03-30 17:14:03	40010	1490865243989	885
7	32	1	10	20244	10	20511	2017-03-30 17:14:04	40007	1490865244023	886
18	32	1	10	20336	10	20511	2017-03-30 17:14:04	40018	1490865244089	887
14	32	1	10	20948	10	20979	2017-03-30 17:14:04	40014	1490865244440	888
71	32	4	10	17493	10	20757	2017-03-30 17:14:04	40071	1490865244481	889
65	32	1	10	17287	10	20823	2017-03-30 17:14:04	40065	1490865244583	890
11	32	4	10	20840	10	20757	2017-03-30 17:14:04	40011	1490865244908	891
13	32	14	10	21486	10	21543	2017-03-30 17:14:04	40013	1490865244973	892
3	32	14	10	21593	10	21553	2017-03-30 17:14:05	40003	1490865245016	893
21	32	14	10	21632	10	21548	2017-03-30 17:14:05	40021	1490865245058	894
15	32	14	10	21313	10	21560	2017-03-30 17:14:05	40015	1490865245100	895
67	32	14	10	18619	10	22009	2017-03-30 17:14:05	40067	1490865245443	896
10	33	1	10	40705	10	40988	2017-03-30 17:14:23	40010	1490865263996	897
7	33	1	10	40721	10	40988	2017-03-30 17:14:24	40007	1490865264029	898
18	33	1	10	40816	10	40991	2017-03-30 17:14:24	40018	1490865264186	899
14	33	1	10	41270	10	41300	2017-03-30 17:14:24	40014	1490865264233	900
4	33	1	10	41135	10	41413	2017-03-30 17:14:24	40004	1490865264341	901
65	33	1	10	37990	10	41526	2017-03-30 17:14:24	40065	1490865264451	902
13	33	14	10	41594	10	41651	2017-03-30 17:14:24	40013	1490865264609	903
35	33	14	10	39687	10	41651	2017-03-30 17:14:24	40035	1490865264654	904
3	33	14	10	41692	10	41651	2017-03-30 17:14:24	40003	1490865264688	905
21	33	14	10	41736	10	41651	2017-03-30 17:14:24	40021	1490865264721	906
11	33	14	10	41611	10	41774	2017-03-30 17:14:24	40011	1490865264763	907
71	33	4	10	38277	10	41541	2017-03-30 17:14:24	40071	1490865264796	908
37	33	14	10	39751	10	41651	2017-03-30 17:14:24	40037	1490865264830	909
15	33	14	10	41457	10	41704	2017-03-30 17:14:24	40015	1490865264863	910
67	33	14	10	38765	10	42155	2017-03-30 17:14:25	40067	1490865265111	911
7	34	1	10	61201	10	61469	2017-03-30 17:14:44	40007	1490865284004	912
14	34	1	10	61504	10	61534	2017-03-30 17:14:44	40014	1490865284045	913
10	34	1	10	61185	10	61469	2017-03-30 17:14:44	40010	1490865284079	914
18	34	1	10	61295	10	61469	2017-03-30 17:14:44	40018	1490865284171	915
4	34	1	10	61364	10	61642	2017-03-30 17:14:44	40004	1490865284204	916
13	34	14	10	61908	10	61965	2017-03-30 17:14:44	40013	1490865284445	917
37	34	14	10	60065	10	61965	2017-03-30 17:14:44	40037	1490865284479	918
67	34	14	10	58624	10	62015	2017-03-30 17:14:44	40067	1490865284513	919
21	34	14	10	62049	10	61965	2017-03-30 17:14:44	40021	1490865284546	920
3	34	14	10	62005	10	61965	2017-03-30 17:14:44	40003	1490865284580	921
11	34	4	10	61927	10	61843	2017-03-30 17:14:44	40011	1490865284613	922
35	34	14	10	60149	10	62114	2017-03-30 17:14:44	40035	1490865284646	923
71	34	4	10	58580	10	61843	2017-03-30 17:14:44	40071	1490865284680	924
15	34	14	10	62089	10	62337	2017-03-30 17:14:44	40015	1490865284810	925
7	35	1	11	16147	11	16415	2017-03-30 17:15:03	40007	1490865303964	926
10	35	1	11	16131	11	16415	2017-03-30 17:15:04	40010	1490865304048	927
18	35	1	11	16244	11	16417	2017-03-30 17:15:04	40018	1490865304582	928
14	35	1	11	16681	11	16711	2017-03-30 17:15:04	40014	1490865304649	929
65	35	1	11	13047	11	16583	2017-03-30 17:15:04	40065	1490865304682	930
4	35	1	11	16652	11	16930	2017-03-30 17:15:04	40004	1490865304715	931
71	35	4	11	13754	11	17017	2017-03-30 17:15:04	40071	1490865304816	932
11	35	4	11	17097	11	17014	2017-03-30 17:15:04	40011	1490865304849	933
35	35	14	11	15480	11	17445	2017-03-30 17:15:04	40035	1490865304968	934
13	35	14	11	17387	11	17445	2017-03-30 17:15:04	40013	1490865304999	935
3	35	14	11	17485	11	17445	2017-03-30 17:15:05	40003	1490865305033	936
37	35	14	11	15548	11	17447	2017-03-30 17:15:05	40037	1490865305066	937
21	35	14	11	17529	11	17445	2017-03-30 17:15:05	40021	1490865305108	938
67	35	14	11	14148	11	17539	2017-03-30 17:15:05	40067	1490865305166	939
15	35	14	11	17197	11	17445	2017-03-30 17:15:05	40015	1490865305199	940
18	36	1	11	36739	11	36912	2017-03-30 17:15:24	40018	1490865324014	941
7	36	1	11	36625	11	36892	2017-03-30 17:15:24	40007	1490865324048	942
4	36	1	11	36770	11	37048	2017-03-30 17:15:24	40004	1490865324081	943
10	36	1	11	36609	11	36892	2017-03-30 17:15:24	40010	1490865324114	944
14	36	1	11	37377	11	37407	2017-03-30 17:15:24	40014	1490865324430	945
71	36	4	11	33907	11	37170	2017-03-30 17:15:24	40071	1490865324490	946
11	36	4	11	37254	11	37170	2017-03-30 17:15:24	40011	1490865324523	947
37	36	14	11	36025	11	37925	2017-03-30 17:15:24	40037	1490865324968	948
3	36	14	11	37965	11	37925	2017-03-30 17:15:24	40003	1490865324998	949
21	36	14	11	38011	11	37928	2017-03-30 17:15:25	40021	1490865325031	950
15	36	14	11	37702	11	37950	2017-03-30 17:15:25	40015	1490865325065	951
35	36	14	11	36044	11	38008	2017-03-30 17:15:25	40035	1490865325098	952
13	36	14	11	37867	11	37925	2017-03-30 17:15:25	40013	1490865325132	953
67	36	14	11	35003	11	38395	2017-03-30 17:15:25	40067	1490865325436	954
36	36	14	11	36486	11	38485	2017-03-30 17:15:25	40036	1490865325522	955
