addr	neighbor_num	neighbor0	neighbor1	neighbor2	neighbor3	neighbor4	neighbor5	neighbor6	neighbor7	neighbor8	neighbor9	neighbor10	neighbor11	neighbor12	neighbor13	reced0	reced1	reced2	reced3	reced4	reced5	reced6	reced7	reced8	reced9	reced10	reced11	reced12	reced13	insert_time	motelabMoteID	milli_time	motelabSeqNo
4	12	3	10	11	12	13	16	17	20	21	37	70	80	0	0	10	10	6	10	9	10	6	10	10	8	4	7	0	0	2018-07-20 10:43:03	40004	1532054583330	1
3	11	4	8	10	11	12	13	16	17	20	21	80	0	0	0	6	5	2	4	9	1	2	2	2	2	3	0	0	0	2018-07-20 10:43:03	40003	1532054583490	2
10	6	3	4	12	17	70	80	0	0	0	0	0	0	0	0	10	8	10	10	10	9	0	0	0	0	0	0	0	0	2018-07-20 10:43:03	40010	1532054583545	3
17	6	3	4	10	12	21	80	0	0	0	0	0	0	0	0	9	6	10	10	6	10	0	0	0	0	0	0	0	0	2018-07-20 10:43:03	40017	1532054583577	4
21	9	3	4	10	12	13	16	17	20	37	0	0	0	0	0	8	10	6	4	8	1	9	10	8	0	0	0	0	0	2018-07-20 10:43:03	40021	1532054583611	5
12	8	3	4	10	17	20	21	70	80	0	0	0	0	0	0	8	8	10	6	5	3	5	4	0	0	0	0	0	0	2018-07-20 10:43:03	40012	1532054583644	6
20	6	3	4	11	12	16	21	0	0	0	0	0	0	0	0	10	10	10	7	10	10	0	0	0	0	0	0	0	0	2018-07-20 10:43:03	40020	1532054583694	7
9	5	8	13	39	64	67	0	0	0	0	0	0	0	0	0	10	10	10	6	10	0	0	0	0	0	0	0	0	0	2018-07-20 10:43:03	40009	1532054583728	8
8	5	3	9	13	64	67	0	0	0	0	0	0	0	0	0	8	10	10	10	10	0	0	0	0	0	0	0	0	0	2018-07-20 10:43:03	40008	1532054583761	9
11	5	3	4	13	16	20	0	0	0	0	0	0	0	0	0	8	4	9	10	8	0	0	0	0	0	0	0	0	0	2018-07-20 10:43:03	40011	1532054583794	10
16	6	3	4	11	13	20	21	0	0	0	0	0	0	0	0	4	10	10	7	10	3	0	0	0	0	0	0	0	0	2018-07-20 10:43:03	40016	1532054583828	11
13	12	3	4	8	9	11	16	21	26	33	37	38	67	0	0	4	7	4	7	7	3	6	8	8	10	1	4	0	0	2018-07-20 10:43:03	40013	1532054583878	12
40	12	38	41	43	44	47	48	50	52	53	56	63	77	0	0	7	10	10	7	10	10	10	10	8	4	9	10	0	0	2018-07-20 10:43:04	40040	1532054584690	13
24	7	32	33	40	41	44	52	56	0	0	0	0	0	0	0	9	9	4	9	6	9	10	0	0	0	0	0	0	0	2018-07-20 10:43:04	40024	1532054584770	14
26	5	13	37	38	39	56	0	0	0	0	0	0	0	0	0	7	10	7	8	7	0	0	0	0	0	0	0	0	0	2018-07-20 10:43:04	40026	1532054584998	15
69	3	70	71	75	0	0	0	0	0	0	0	0	0	0	0	8	7	10	0	0	0	0	0	0	0	0	0	0	0	2018-07-20 10:43:05	40069	1532054585056	16
37	9	3	4	13	21	26	33	38	39	56	0	0	0	0	0	1	6	10	6	5	1	6	6	8	0	0	0	0	0	2018-07-20 10:43:05	40037	1532054585109	17
33	6	13	32	37	38	52	56	0	0	0	0	0	0	0	0	6	10	4	2	6	8	0	0	0	0	0	0	0	0	2018-07-20 10:43:05	40033	1532054585154	18
32	4	33	41	52	56	0	0	0	0	0	0	0	0	0	0	9	9	2	10	0	0	0	0	0	0	0	0	0	0	2018-07-20 10:43:05	40032	1532054585188	19
38	9	26	33	37	39	40	41	43	44	50	0	0	0	0	0	8	5	10	10	9	1	6	10	8	0	0	0	0	0	2018-07-20 10:43:05	40038	1532054585221	20
39	6	9	13	26	37	38	50	0	0	0	0	0	0	0	0	10	2	10	10	10	10	0	0	0	0	0	0	0	0	2018-07-20 10:43:05	40039	1532054585254	21
43	11	38	40	41	44	47	48	50	52	53	63	77	0	0	0	4	10	10	10	10	10	10	10	8	10	10	0	0	0	2018-07-20 10:43:05	40043	1532054585810	22
41	12	24	32	40	43	44	47	48	50	52	56	63	77	0	0	1	9	10	10	10	10	8	10	10	10	9	9	0	0	2018-07-20 10:43:05	40041	1532054585838	23
47	8	40	41	43	44	48	50	52	56	0	0	0	0	0	0	10	10	9	4	10	10	10	2	0	0	0	0	0	0	2018-07-20 10:43:05	40047	1532054585871	24
44	9	38	40	41	43	47	50	52	53	77	0	0	0	0	0	10	10	10	10	10	10	10	10	10	0	0	0	0	0	2018-07-20 10:43:05	40044	1532054585905	25
56	7	32	33	37	38	41	47	52	0	0	0	0	0	0	0	4	8	6	1	8	7	6	0	0	0	0	0	0	0	2018-07-20 10:43:05	40056	1532054585938	26
48	5	40	41	43	47	52	0	0	0	0	0	0	0	0	0	9	10	10	10	10	0	0	0	0	0	0	0	0	0	2018-07-20 10:43:05	40048	1532054585971	27
80	8	3	4	10	12	17	70	72	78	0	0	0	0	0	0	8	6	10	10	10	10	7	1	0	0	0	0	0	0	2018-07-20 10:43:06	40080	1532054586005	28
77	8	40	41	43	50	52	53	63	66	0	0	0	0	0	0	10	4	10	10	1	10	5	10	0	0	0	0	0	0	2018-07-20 10:43:06	40077	1532054586038	29
72	4	63	70	78	80	0	0	0	0	0	0	0	0	0	0	7	10	10	4	0	0	0	0	0	0	0	0	0	0	2018-07-20 10:43:06	40072	1532054586072	30
64	7	8	9	50	63	66	67	70	0	0	0	0	0	0	0	6	6	1	10	10	10	5	0	0	0	0	0	0	0	2018-07-20 10:43:06	40064	1532054586105	31
78	2	70	72	0	0	0	0	0	0	0	0	0	0	0	0	10	10	0	0	0	0	0	0	0	0	0	0	0	0	2018-07-20 10:43:06	40078	1532054586139	32
75	2	69	71	0	0	0	0	0	0	0	0	0	0	0	0	9	6	0	0	0	0	0	0	0	0	0	0	0	0	2018-07-20 10:43:06	40075	1532054586172	33
66	4	63	64	70	77	0	0	0	0	0	0	0	0	0	0	10	10	10	10	0	0	0	0	0	0	0	0	0	0	2018-07-20 10:43:06	40066	1532054586230	34
63	8	43	50	52	64	66	67	70	72	0	0	0	0	0	0	1	10	6	10	10	3	6	7	0	0	0	0	0	0	2018-07-20 10:43:06	40063	1532054586264	35
70	9	4	63	64	66	69	71	72	78	80	0	0	0	0	0	1	7	5	8	2	7	10	5	5	0	0	0	0	0	2018-07-20 10:43:06	40070	1532054586297	36
67	5	8	9	13	63	64	0	0	0	0	0	0	0	0	0	10	8	1	3	10	0	0	0	0	0	0	0	0	0	2018-07-20 10:43:06	40067	1532054586330	37
52	12	32	33	40	41	43	44	47	48	50	56	63	77	0	0	5	9	8	10	10	6	10	10	10	10	8	9	0	0	2018-07-20 10:43:06	40052	1532054586364	38
71	3	69	70	75	0	0	0	0	0	0	0	0	0	0	0	9	8	10	0	0	0	0	0	0	0	0	0	0	0	2018-07-20 10:43:06	40071	1532054586397	39
53	5	40	43	44	50	77	0	0	0	0	0	0	0	0	0	6	5	5	10	8	0	0	0	0	0	0	0	0	0	2018-07-20 10:43:06	40053	1532054586447	40
50	13	38	39	40	41	43	44	47	52	53	63	64	70	77	0	5	5	8	10	10	7	5	10	10	8	6	1	10	0	2018-07-20 10:43:06	40050	1532054586481	41
