addr	neighbor_num	neighbor0	neighbor1	neighbor2	neighbor3	neighbor4	neighbor5	neighbor6	neighbor7	neighbor8	neighbor9	neighbor10	neighbor11	neighbor12	neighbor13	reced0	reced1	reced2	reced3	reced4	reced5	reced6	reced7	reced8	reced9	reced10	reced11	reced12	reced13	insert_time	motelabMoteID	milli_time	motelabSeqNo
4	12	3	10	11	12	13	16	17	20	21	37	70	80	0	0	10	10	6	10	8	10	6	10	10	9	6	8	0	0	2018-07-20 12:04:57	40004	1532059497426	1
20	6	3	4	11	12	16	21	0	0	0	0	0	0	0	0	7	10	10	8	10	10	0	0	0	0	0	0	0	0	2018-07-20 12:04:57	40020	1532059497546	2
10	7	3	4	12	17	21	70	80	0	0	0	0	0	0	0	10	10	10	10	2	10	9	0	0	0	0	0	0	0	2018-07-20 12:04:57	40010	1532059497640	3
21	9	3	4	10	12	13	16	17	20	37	0	0	0	0	0	6	10	6	7	8	9	10	10	6	0	0	0	0	0	2018-07-20 12:04:57	40021	1532059497708	4
17	7	3	4	10	12	21	70	80	0	0	0	0	0	0	0	10	10	10	10	9	9	9	0	0	0	0	0	0	0	2018-07-20 12:04:57	40017	1532059497743	5
9	4	8	13	39	67	0	0	0	0	0	0	0	0	0	0	10	10	7	10	0	0	0	0	0	0	0	0	0	0	2018-07-20 12:04:57	40009	1532059497776	6
8	5	3	9	13	64	67	0	0	0	0	0	0	0	0	0	8	10	8	10	10	0	0	0	0	0	0	0	0	0	2018-07-20 12:04:57	40008	1532059497810	7
12	6	3	4	10	17	21	80	0	0	0	0	0	0	0	0	10	10	10	10	8	6	0	0	0	0	0	0	0	0	2018-07-20 12:04:57	40012	1532059497843	8
16	6	3	4	11	13	20	21	0	0	0	0	0	0	0	0	5	10	10	7	10	8	0	0	0	0	0	0	0	0	2018-07-20 12:04:57	40016	1532059497877	9
3	11	4	8	10	11	12	13	16	17	21	37	80	0	0	0	4	8	10	8	10	5	7	5	6	1	4	0	0	0	2018-07-20 12:04:57	40003	1532059497910	10
11	4	3	13	16	20	0	0	0	0	0	0	0	0	0	0	6	8	10	10	0	0	0	0	0	0	0	0	0	0	2018-07-20 12:04:57	40011	1532059497945	11
13	12	3	4	8	9	11	16	21	26	33	37	38	67	0	0	4	5	6	9	10	4	6	5	4	10	2	5	0	0	2018-07-20 12:04:57	40013	1532059497977	12
40	11	38	41	43	44	47	48	50	52	53	63	77	0	0	0	9	10	10	10	10	9	7	9	5	9	10	0	0	0	2018-07-20 12:04:58	40040	1532059498610	13
24	8	32	33	38	40	41	44	52	56	0	0	0	0	0	0	6	9	1	5	9	10	9	7	0	0	0	0	0	0	2018-07-20 12:04:58	40024	1532059498771	14
26	5	13	37	38	39	56	0	0	0	0	0	0	0	0	0	9	9	6	9	8	0	0	0	0	0	0	0	0	0	2018-07-20 12:04:58	40026	1532059498874	15
43	11	40	41	44	47	48	50	52	53	63	64	77	0	0	0	10	10	10	9	10	10	9	4	9	1	10	0	0	0	2018-07-20 12:04:58	40043	1532059498968	16
38	10	13	26	33	37	39	40	41	43	44	50	0	0	0	0	3	8	9	10	10	8	1	1	10	8	0	0	0	0	2018-07-20 12:04:59	40038	1532059499170	17
70	10	10	12	63	64	66	69	71	72	78	80	0	0	0	0	8	1	8	7	4	7	4	10	10	9	0	0	0	0	2018-07-20 12:04:59	40070	1532059499203	18
69	3	70	71	75	0	0	0	0	0	0	0	0	0	0	0	7	10	10	0	0	0	0	0	0	0	0	0	0	0	2018-07-20 12:04:59	40069	1532059499237	19
33	6	13	32	37	38	52	56	0	0	0	0	0	0	0	0	9	9	10	6	8	5	0	0	0	0	0	0	0	0	2018-07-20 12:04:59	40033	1532059499270	20
72	3	63	70	78	0	0	0	0	0	0	0	0	0	0	0	7	10	10	0	0	0	0	0	0	0	0	0	0	0	2018-07-20 12:04:59	40072	1532059499320	21
39	6	9	13	26	37	38	50	0	0	0	0	0	0	0	0	10	6	10	10	10	10	0	0	0	0	0	0	0	0	2018-07-20 12:04:59	40039	1532059499353	22
32	3	33	41	52	0	0	0	0	0	0	0	0	0	0	0	9	9	9	0	0	0	0	0	0	0	0	0	0	0	2018-07-20 12:04:59	40032	1532059499387	23
37	9	3	4	13	21	26	33	38	39	56	0	0	0	0	0	4	5	10	6	2	4	7	8	7	0	0	0	0	0	2018-07-20 12:04:59	40037	1532059499420	24
41	11	32	40	43	44	47	48	50	52	56	63	77	0	0	0	6	10	10	10	10	9	10	10	4	8	8	0	0	0	2018-07-20 12:04:59	40041	1532059499454	25
66	4	63	64	70	77	0	0	0	0	0	0	0	0	0	0	10	10	9	10	0	0	0	0	0	0	0	0	0	0	2018-07-20 12:04:59	40066	1532059499487	26
50	13	38	39	40	41	43	44	47	52	53	63	64	70	77	0	6	6	7	10	10	4	8	8	10	10	1	1	10	0	2018-07-20 12:04:59	40050	1532059499550	27
48	5	40	41	43	47	52	0	0	0	0	0	0	0	0	0	9	10	10	10	8	0	0	0	0	0	0	0	0	0	2018-07-20 12:04:59	40048	1532059499723	28
52	12	32	33	40	41	43	44	47	48	50	56	63	77	0	0	4	9	9	10	10	10	10	10	7	7	2	8	0	0	2018-07-20 12:04:59	40052	1532059499754	29
67	4	8	9	13	64	0	0	0	0	0	0	0	0	0	0	10	7	1	10	0	0	0	0	0	0	0	0	0	0	2018-07-20 12:04:59	40067	1532059499787	30
64	7	8	43	50	63	66	67	70	0	0	0	0	0	0	0	10	2	7	10	7	10	6	0	0	0	0	0	0	0	2018-07-20 12:04:59	40064	1532059499821	31
71	3	69	70	75	0	0	0	0	0	0	0	0	0	0	0	10	5	10	0	0	0	0	0	0	0	0	0	0	0	2018-07-20 12:04:59	40071	1532059499854	32
75	2	69	71	0	0	0	0	0	0	0	0	0	0	0	0	10	10	0	0	0	0	0	0	0	0	0	0	0	0	2018-07-20 12:04:59	40075	1532059499887	33
63	10	40	41	43	50	52	64	66	70	72	77	0	0	0	0	7	6	5	10	4	10	10	10	4	5	0	0	0	0	2018-07-20 12:04:59	40063	1532059499921	34
44	10	38	40	41	43	47	48	50	52	53	77	0	0	0	0	10	10	10	10	10	1	10	6	7	10	0	0	0	0	2018-07-20 12:04:59	40044	1532059499954	35
47	7	40	41	43	44	48	50	52	0	0	0	0	0	0	0	10	10	10	1	10	4	8	0	0	0	0	0	0	0	2018-07-20 12:04:59	40047	1532059499988	36
80	9	3	4	10	12	17	21	70	72	78	0	0	0	0	0	10	9	10	10	10	1	10	1	1	0	0	0	0	0	2018-07-20 12:05:00	40080	1532059500021	37
78	2	70	72	0	0	0	0	0	0	0	0	0	0	0	0	9	10	0	0	0	0	0	0	0	0	0	0	0	0	2018-07-20 12:05:00	40078	1532059500054	38
56	7	26	33	37	40	41	47	52	0	0	0	0	0	0	0	3	3	10	6	9	8	8	0	0	0	0	0	0	0	2018-07-20 12:05:00	40056	1532059500088	39
53	6	40	41	43	44	50	77	0	0	0	0	0	0	0	0	2	1	5	3	10	4	0	0	0	0	0	0	0	0	2018-07-20 12:05:00	40053	1532059500121	40
77	8	40	43	44	50	52	53	63	66	0	0	0	0	0	0	10	10	5	10	1	9	4	10	0	0	0	0	0	0	2018-07-20 12:05:00	40077	1532059500154	41
